29 0 515 739 1240 1578 2015 2313 2832 3051 3432 3578 4119 4393 4874 5293 5572 6101 6472 6799 7035 7396 7653 7957 8233 8501 8750 9000 9295 9871
26 1 365 551 1058 1802 2181 2492 3000 3390 3820 4074 4779 5228 5521 5936 6268 6629 6833 7256 7400 7679 8087 8672 9195 9593 9966
27 2 779 998 1203 1463 1829 1959 2436 2691 3236 3627 4007 4391 4737 4972 5414 5758 5995 6290 6911 7140 7619 7992 8250 8591 9040 9633
31 3 371 550 937 1232 1541 1774 2069 2414 2803 3041 3258 3689 3908 4272 4625 5033 5231 5536 6050 6450 6691 7226 7648 8088 8331 8553 8746 8922 9054 9727
30 4 409 834 1127 1545 1710 1935 2318 2692 3063 3341 3684 4000 4347 4628 5219 5627 6118 6406 6491 6640 6832 7113 7503 7782 8183 8395 8916 9360 9691
29 5 727 846 1204 1696 2029 2317 2528 2830 3061 3364 3783 4122 4466 4818 5119 5393 5692 6114 6481 6792 7106 7630 7747 7952 8130 8500 9179 9659
29 6 569 1064 1290 1746 1863 2157 2405 2819 3043 3391 3604 3788 4237 4499 4924 5306 5787 6323 6763 6992 7191 7600 8106 8602 8991 9350 9512 9905
29 7 394 698 1055 1489 1819 1981 2490 2670 2998 3400 3905 4318 4744 4934 5401 5563 5950 6496 6712 7126 7218 7573 7896 8228 8723 8962 9443 9756
31 8 680 1161 1557 2002 2248 2577 2834 3044 3314 3461 3911 4313 4454 4918 5234 5532 5814 6070 6389 6532 6834 6942 6981 7330 7980 8381 8924 9451 9767 9962
30 9 731 896 1181 1885 2171 2552 2871 3333 3598 3858 4246 4419 4869 5040 5314 5807 6084 6471 6972 7079 7297 7547 7649 8004 8464 8867 9203 9422 9711
28 10 522 976 1185 1482 1944 2303 2647 2876 3172 3505 3838 4321 4552 4819 5448 5765 6080 6783 7094 7824 8086 8425 8799 9190 9616 9807 9912
26 11 507 711 1201 1714 2265 2777 3087 3212 3530 4146 4543 4832 5054 5775 6315 6713 7250 7464 7699 8035 8490 8878 9209 9497 9708
27 12 545 811 1502 1775 2208 2583 2932 3313 3683 3945 4223 4599 4894 5298 6061 6280 6879 7165 7445 7710 7832 8009 8416 8666 9332 9772
27 13 436 718 1215 1976 2195 2795 3334 3918 4233 4685 4999 5248 5527 5805 6140 6538 6963 7334 7624 7779 8384 8630 8717 9268 9571 9965
25 14 380 862 1263 1631 2065 2601 2896 3204 3577 4129 4310 4563 4980 5473 5727 6278 6837 7418 7773 8001 8525 8984 9488 9897
30 15 426 910 1358 1553 1769 1949 2189 2649 2907 3389 3628 3924 4398 4978 5300 5605 6125 6181 6725 7289 7603 7991 8273 8702 8931 9173 9459 9612 9723
28 16 796 1146 1369 1645 2114 2227 2421 2873 3163 3433 3862 4225 4652 5010 5439 6106 6720 6959 7173 7488 7828 8110 8512 9013 9303 9507 9777
25 17 849 993 1255 1530 1951 2300 2882 3335 3537 3691 4035 4443 4888 5198 5654 5908 6208 6815 7365 7668 8059 8565 9019 9327
25 18 631 1075 1427 1896 2096 2667 3231 3535 3989 4299 4651 5029 5497 6069 6402 7058 7293 7654 8002 8246 8579 8958 9205 9637
29 19 562 768 1294 1569 1654 1986 2233 2516 3109 3355 3798 4132 4417 4662 5047 5459 5680 6017 6336 6733 6971 7568 8058 8420 8774 8968 9352 9755
31 20 756 1122 1604 2025 2520 2855 2937 3299 3536 3836 4193 4478 4795 4989 5324 5607 5931 6409 6867 7219 7374 7851 8123 8285 8396 8645 9004 9387 9770 9903
28 21 541 1049 1455 1684 2166 2321 2636 2895 3323 3609 4128 4528 4746 5163 5518 5989 6220 6540 6846 7320 7528 8049 8363 8803 9326 9518 9793
23 22 516 1236 1739 2161 2714 3124 3479 3794 4159 4447 4862 5232 5872 6390 6774 7284 7439 7943 8491 9064 9469 9780
32 23 389 760 1174 1536 1858 1997 2111 2268 2543 3156 3431 3776 3972 4257 4434 4815 5407 5698 6002 6405 6862 7265 7416 7713 8060 8234 8703 9088 9492 9707 9818
28 24 381 1013 1288 1608 2034 2437 2697 3201 3387 3709 4276 4702 5008 5171 5731 6260 6711 7082 7211 7595 7861 8222 8721 9075 9289 9509 9908
25 25 754 1165 1605 1901 2416 2674 3070 3570 3975 4256 4606 4957 5458 5876 6326 6556 7198 7288 7638 7885 8375 8651 9095 9486
29 26 448 652 971 1182 1538 1914 2310 2513 2856 3188 3524 3712 4150 4485 4771 5209 5538 5822 6172 6579 6796 7312 7752 8292 8499 8755 9306 9548
28 27 414 681 906 1020 1439 2108 2540 3036 3374 3685 4024 4337 4765 5080 5555 6042 6230 6616 6840 7357 7608 7878 8451 8807 9271 9430 9561
31 28 533 721 871 1253 1490 1953 2429 2673 2810 3439 3888 4006 4144 4557 4909 5339 5477 5926 6284 6761 7183 7671 7919 8147 8391 8597 8902 9312 9588 9984
30 29 423 751 1001 1310 1616 1965 2155 2427 2602 2808 2953 3542 4002 4236 4668 4830 5152 5356 5788 6246 6751 7501 7674 8072 8604 8881 9158 9527 9697
28 30 390 687 1078 1643 2115 2542 2894 3336 3666 3832 3962 4218 4603 5023 5285 5953 6351 6677 6997 7233 7486 7867 8230 8855 9272 9611 9942
30 31 490 668 1131 1353 1736 2198 2573 2990 3254 3440 3774 4149 4455 4718 5244 5709 5987 6588 6778 7150 7507 7805 8141 8309 8508 8736 9077 9378 9765
27 32 574 945 1128 1438 1570 2046 2373 2967 3296 3742 4062 4271 4613 4747 5058 5655 6109 6542 7050 7466 7556 7987 8339 9065 9384 9559
25 33 640 923 1246 1436 1927 2136 2586 3020 3344 3574 3919 4335 4732 5165 5513 6067 6573 7163 7520 7941 8418 9057 9397 9931
30 34 644 1019 1477 1916 2090 2364 2531 2730 3069 3446 3747 4004 4285 4834 5279 5590 5723 5856 6198 6552 7161 7383 7557 8108 8362 8532 9058 9495 9840
26 35 666 967 1360 1702 2417 3049 3586 4027 4492 4833 5147 5471 5676 6348 6736 7011 7319 7843 8271 8431 8692 8858 9071 9703 9991
29 36 724 909 1148 1230 1493 2118 2497 2870 3073 3445 3925 4221 4805 5136 5210 5534 5862 6252 6624 7100 7652 7972 8489 8992 9191 9339 9532 9925
28 37 393 912 1251 1655 1917 2388 2655 2750 3028 3249 3523 3801 3988 4383 4976 5507 6104 6394 6687 7123 7700 7856 8207 8448 8798 9300 9890
25 38 395 797 1228 1677 1952 2519 2709 3194 3447 3613 4041 4612 4959 5164 5461 5873 6006 6324 6975 7753 8121 8476 9182 9620
30 39 359 701 1380 1709 2005 2407 2800 2977 3307 3807 3987 4323 4670 5148 5464 5804 6057 6578 7072 7489 7635 7841 8125 8376 8534 9119 9447 9663 9980
26 40 624 1118 1398 1838 2309 3048 3361 3741 4301 4761 5046 5361 5783 6382 6689 7157 7607 7975 8316 8614 8891 9160 9441 9565 9976
30 41 648 954 1325 1470 1733 2141 2453 3072 3339 3744 4055 4452 4921 5233 5665 6150 6493 6878 6995 7255 7685 7855 8107 8146 8568 8787 9035 9341 9745
27 42 854 1195 1434 1669 2255 2607 2915 3216 3842 4125 4680 4866 5262 5741 6086 6320 6769 7012 7277 7645 7888 8400 8648 8845 9446 9802
25 43 735 1062 1417 1814 2140 2737 3078 3745 3995 4238 4579 4902 5494 5932 6386 6663 7128 7493 7680 8192 8657 8854 9165 9438
31 44 568 1039 1445 1915 2138 2332 2621 2908 3309 3438 3753 4265 4510 4953 5265 5426 5962 6184 6494 6860 7025 7299 7509 7882 8356 8673 8953 9133 9405 9705
28 45 355 729 1260 1515 1804 2092 2228 2683 2962 3287 3804 4110 4463 4813 5114 5585 5945 6316 6798 7156 7498 8027 8494 9085 9388 9725 9854
27 46 713 958 1237 1692 1964 2187 2461 2758 3164 3560 4053 4314 4540 4933 5020 5194 5476 5915 6304 6991 7419 7745 8188 8402 8921 9229
30 47 825 1149 1386 1649 1831 2084 2329 3008 3619 3884 4374 4804 5050 5320 5579 5888 6162 6467 6888 7122 7351 7656 8102 8514 9048 9174 9337 9810 9940
30 48 401 725 1306 1599 1897 2167 2382 3111 3242 3653 4113 4312 4678 5121 5675 5845 6110 6714 7078 7453 7570 7895 8251 8533 8730 8864 9275 9449 9789
30 49 662 1057 1458 1883 2113 2457 2643 3246 3715 4140 4598 4656 5145 5646 5866 6312 6633 6966 7257 7614 7719 8070 8191 8516 8795 9139 9368 9638 9987
29 50 386 646 780 1336 1568 1770 2190 2597 2972 3277 3591 4051 4407 4770 5002 5686 5909 6387 6836 7111 7404 7641 7999 8394 8819 9074 9450 9986
27 51 444 629 957 1217 1784 2207 2631 3046 3452 4133 4792 5051 5252 5435 5769 6190 6897 7034 7273 7628 7831 8095 8656 8766 9124 9544
27 52 803 1166 1558 1978 2664 3082 3443 3553 3968 4439 4939 5295 5700 5938 6078 6416 6817 7167 7465 7613 8016 8298 8535 8761 9129 9439
26 53 778 933 1226 1596 2099 2644 3009 3239 3614 3845 4174 4791 4968 5478 6051 6509 7210 7456 7951 8195 8456 8970 9363 9731 9993
28 54 441 775 1051 1409 1921 2014 2474 2943 3103 3338 3593 3899 4175 4470 4878 5225 5688 6100 6291 6793 7006 7560 8179 8574 9044 9395 9669
25 55 575 839 1303 1815 2142 2484 3085 3645 4244 4567 4790 5030 5365 5832 6359 6877 7215 7571 7633 7911 8204 8549 8900 9484
30 56 667 959 1274 1575 2078 2529 2826 3208 3571 3990 4287 4778 5142 5421 5619 6056 6232 6507 6850 6928 7279 7659 8026 8433 8608 8934 9408 9695 9951
27 57 835 1139 1428 1939 2339 2610 3001 3378 3799 4153 4427 4564 5141 5604 6039 6465 7076 7253 7516 7748 8029 8447 8708 9021 9358 9750
29 58 530 801 1074 1583 1837 2121 2365 2700 3175 3423 3633 3993 4457 4855 5078 5430 5632 6160 6681 7029 7159 7432 7690 7918 8269 8688 9241 9694
26 59 563 1083 1266 1565 1878 2465 2837 3126 3451 3797 4138 4411 4707 4928 5160 5437 5742 6459 7009 7621 8128 8350 8932 9362 9784
27 60 526 1044 1540 1895 2188 2301 2570 2734 3100 3228 3655 4104 4700 5041 5657 6005 6305 6814 7171 7526 8006 8370 8681 9090 9291 9660
29 61 375 650 1046 1752 2378 2666 2995 3202 3394 3734 4038 4234 4594 5146 5457 5771 5960 6274 6553 6876 7071 7436 7945 8609 8802 9140 9478 9681
27 62 619 943 1392 1761 2001 2351 2868 3268 3533 3871 4197 4493 4956 5375 5768 6126 6463 6755 7081 7452 7869 8378 8759 8969 9283 9563
33 63 453 784 1016 1213 1587 1722 1891 2131 2500 2901 3170 3681 4048 4306 4542 4773 5134 5749 6303 6658 7077 7264 7337 7576 7847 8109 8528 8883 9244 9457 9568 9953
25 64 665 1144 1324 1526 1862 2000 2370 2883 3562 3946 4551 5069 5385 5708 6196 6460 6812 7359 8083 8406 8605 9005 9204 9628
28 65 374 657 970 1449 1811 2360 2626 2983 3331 3674 4205 4395 4530 4841 5323 5492 5710 6130 6415 6938 7444 7966 8172 8626 9338 9515 9693
24 66 794 1277 1826 2205 2559 2746 3224 3724 4222 4643 5272 5747 6095 6429 6619 7096 7358 7605 8032 8650 9116 9386 9675
26 67 643 996 1268 1700 2286 2742 3404 3910 4227 4522 4675 5083 5469 5744 6229 6489 6839 7098 7460 7751 8393 8813 9159 9404 9843
28 68 683 1191 1397 2076 2326 2505 2833 3289 3607 3880 4228 4429 4816 5003 5290 5537 5823 6211 6698 6988 7247 7620 8156 8652 9028 9520 9786
30 69 536 647 1022 1271 1647 1889 2220 2402 2706 3040 3263 3865 4077 4587 4883 5172 5565 5882 6344 6630 6930 7144 7441 7994 8469 8904 9168 9516 9823
29 70 528 1028 1140 1517 1853 2415 2797 3189 3385 3714 4105 4876 5153 5434 5837 6053 6397 6527 6702 7046 7711 7982 8152 8544 8863 9092 9375 9670
26 71 588 1107 1429 1909 2575 3050 3227 3480 3847 4021 4658 5032 5310 5706 5831 6127 6625 7180 7485 7934 8441 8693 9143 9393 9830
29 72 540 809 1225 1632 1778 2169 2728 3157 3638 3977 4226 4618 4916 5093 5498 5673 5978 6329 6613 7014 7480 7765 8042 8537 8930 9180 9499 9782
30 73 379 471 851 1416 1753 2071 2569 2749 3118 3343 3597 3913 4283 4908 5505 5790 6123 6650 6933 7175 7598 7962 8248 8419 8504 8789 9134 9522 9716
29 74 673 1036 1305 1523 1945 2264 2523 3191 3549 3677 3885 4117 4508 4969 5351 5601 5893 6111 6161 6338 7093 7478 7961 8178 8547 9011 9440 9861
30 75 609 938 1186 1521 1740 1908 2238 2460 2743 3181 3603 4003 4381 4717 4828 5253 5519 6049 6396 6869 7066 7322 7850 7967 8326 8716 9046 9355 9722
28 76 473 969 1362 1732 1913 2036 2403 2801 3369 3917 4165 4435 4777 5313 5540 5835 6385 6722 6951 7216 7626 8266 8638 8865 9024 9455 9826
27 77 517 1021 1281 1525 1849 2285 2568 2753 2979 3174 3554 4076 4560 4981 5398 5717 5928 6286 6510 7064 7684 7894 8337 8933 9302 9646
28 78 614 985 1297 1594 2256 2515 2783 3220 3478 3707 3971 4401 4676 5044 5349 5684 5948 6195 6501 6920 7414 7774 8254 8775 9171 9589 9935
31 79 591 837 1171 1671 1912 2214 2476 2604 2831 3219 3358 3851 4462 4786 5116 5481 5752 6001 6168 6729 6984 7212 7565 7823 8091 8540 8720 9152 9677 9923
29 80 502 882 1419 1836 2059 2556 3091 3623 3729 3976 4206 4420 4690 4966 5214 5495 6124 6502 6875 7055 7730 7997 8314 8637 8955 9285 9581 9825
28 81 686 1170 1287 1561 1731 2056 2112 2581 3117 3568 4124 4349 4705 4927 5177 5580 5821 6121 6530 6906 7508 7926 8082 8289 8744 9261 9597
28 82 484 710 944 1357 2077 2299 2681 3244 3576 4217 4682 4961 5419 5764 6015 6223 6554 6717 7217 7606 7912 8341 8674 9042 9293 9494 9796
30 83 708 1350 1637 1859 2297 2651 2804 3133 3521 3878 3999 4103 4281 4647 5170 5762 6255 6408 6485 6746 6983 7567 8120 8399 8567 8749 9127 9468 9978
29 84 586 927 1231 1686 2308 2687 3128 3639 3958 4346 4659 4793 5107 5490 5712 5934 6159 6863 7177 7323 7677 7921 8256 8587 8745 9101 9508 9790
25 85 706 972 1363 1614 2117 2260 2928 3469 3889 4098 4523 4684 5095 5431 5689 6164 6439 6978 7402 7917 8368 8704 9166 9661
30 86 364 744 1158 1367 1510 1882 2176 2314 2589 2974 3476 3823 3979 4370 4568 4694 5264 5573 6059 6477 6752 6953 7434 7799 8166 8586 8872 9246 9642
26 87 734 1018 1461 1728 2134 2501 2744 2905 3273 3680 3970 4298 4545 4752 5276 6032 6776 7108 7577 7940 8487 8923 9274 9538 9892
29 88 464 1175 1750 2165 2257 2545 2814 3360 3605 3870 4400 4672 4975 5329 5927 6166 6322 6461 6790 7127 7461 7715 8237 8498 8851 9153 9413 9870
29 89 547 1031 1447 1983 2079 2320 2698 2900 3264 3475 3875 4094 4847 5108 5449 5973 6314 6686 6958 7483 7689 7846 8115 8332 8927 9403 9744 9970
31 90 439 925 1048 1484 1742 2251 2466 2964 3184 3470 3960 4531 4901 5094 5318 5663 5729 6068 6392 6620 6825 7080 7437 8045 8444 8898 9073 9315 9575 9828
28 91 482 728 1000 1221 1467 1764 2185 2352 2791 3293 3844 4086 4367 4623 4896 5226 5622 5957 6376 6567 6952 7380 7809 8287 8620 8941 9719
30 92 580 822 1101 1688 1851 2199 2629 2963 3288 3722 3883 4288 4710 4984 5403 5797 6363 6816 7197 7583 7905 8208 8475 8663 8925 9154 9349 9514 9916
31 93 366 460 897 1123 1498 1796 2100 2307 2493 2813 3137 3670 3901 4243 4856 5100 5484 5751 5924 6218 6692 6823 7300 7495 8118 8457 8846 9304 9621 9969
28 94 368 496 830 1444 1682 1967 2383 2784 3325 3765 4158 4456 4827 5106 5397 5670 6043 6495 6858 7328 7791 8131 8241 8507 8879 9445 9761
30 95 440 808 1247 1757 1844 2012 2355 2781 3241 3622 3940 4328 4604 5193 5446 5763 6066 6497 6734 7051 7442 7728 8093 8311 8530 8777 9053 9414 9801
29 96 840 1094 1326 1652 2067 2603 2849 3121 3312 3616 3770 4109 4521 4714 5067 5420 5826 6285 6782 7118 7474 7723 7932 8116 8344 8613 8977 9652
25 97 753 1162 1592 1969 2226 2533 2708 2886 3177 3551 3834 4219 4423 4785 5360 6108 6475 6801 7274 7569 7891 8450 9018 9815
32 98 427 816 1115 1424 1852 2143 2652 2958 3203 3583 3827 4198 4460 4592 4782 5258 5612 5836 6022 6428 6805 7151 7637 7815 8315 8783 8880 9216 9460 9617 9836
33 99 400 626 942 1334 1672 1960 2319 2611 2816 3168 3386 3718 4185 4617 5068 5269 5556 5642 5990 6281 6757 7244 7487 7970 8388 8634 8832 9063 9284 9461 9846 9937
29 100 548 981 1209 1650 1900 2120 2544 3092 3357 3749 4112 4644 5006 5333 5520 5859 6096 6474 6709 7116 7597 7955 8177 8616 8873 9210 9480 9889
29 101 558 799 1285 1887 2555 2726 3023 3380 3700 4139 4631 4913 5197 5289 5524 5740 5998 6282 6516 6804 7329 7822 8304 8640 8917 9215 9420 9714
29 102 633 887 1323 1492 1911 2345 2634 3247 3719 3868 4274 4692 5066 5287 5428 5840 6013 6169 6581 6727 7188 7738 8062 8502 8734 8990 9318 9821
26 103 505 973 1302 1779 2508 2779 3052 3178 3632 4042 4450 4800 5217 5379 5825 6221 6664 6954 7220 7732 8090 8458 8988 9141 9550
31 104 579 1015 1420 1745 2003 2422 2619 3033 3222 3532 3772 4169 4329 4464 4666 4962 5280 5824 6158 6599 6791 7294 7562 7904 8249 8668 8743 9015 9485 9674
29 105 352 478 771 1159 1707 1931 2380 2812 3135 3416 3957 4115 4506 4811 5042 5425 5999 6215 6827 7085 7386 7821 8340 8781 9050 9474 9746 9983
31 106 689 1167 1425 1823 2129 2557 2825 3149 3529 3791 4302 4642 4903 5215 5756 5910 6253 6446 6696 7039 7387 7657 7989 8351 8603 8853 9218 9554 9684 9964
33 107 429 914 1421 1678 2060 2213 2512 2741 3018 3543 3733 3833 3980 4465 4776 5316 5544 5682 5792 5939 6149 6482 6880 7189 7428 7726 8229 8538 8682 9136 9479 9734
29 108 411 913 1576 1845 2487 2789 3056 3255 3721 4068 4414 5127 5376 5662 5942 6105 6173 6569 6887 7221 7472 7759 7985 8346 9104 9541 9644 9994
30 109 468 895 1359 1907 2209 2455 2780 3284 3525 3933 4413 4681 4912 5025 5305 5649 6083 6511 6820 7101 7415 7631 7969 8268 8454 8679 9020 9183 9381
29 110 705 961 1211 1539 1840 2133 2550 2701 3142 3503 4011 4290 4502 4854 5132 5328 5625 6000 6441 6845 7308 7702 8209 8515 8687 9164 9609 9918
31 111 770 1095 1339 1683 1795 2180 2446 2682 3159 3408 3600 4184 4529 5125 5600 5812 6451 6821 6977 7302 7578 7826 8117 8385 8622 9041 9273 9336 9605 9972
28 112 746 966 1102 1522 2082 2269 2656 3226 3654 3916 4366 4695 5103 5352 5694 5864 6379 6873 7086 7390 7796 8098 8377 8617 8985 9280 9794
26 113 422 894 1220 1486 1582 2011 2616 2942 3315 3777 4114 4483 4750 5186 5583 6143 6393 6768 7237 7769 8300 8748 9207 9409 9798
28 114 612 836 1214 1743 2459 2877 3144 3340 3606 4001 4358 4686 5189 5474 5674 6062 6436 6764 7340 7525 7783 8328 8732 9055 9248 9740 9864
26 115 450 827 1471 1820 2081 2502 2960 3396 3581 3887 4264 4725 5049 5389 5667 6041 6267 6657 7301 7793 8096 8628 8943 9162 9760
27 116 388 916 1497 1995 2277 2445 2863 3326 3647 4186 4344 4667 5048 5260 5415 5791 6317 6603 7143 7506 7820 8398 8833 9351 9579 9974
28 117 783 1109 1423 1658 1991 2200 2722 3034 3588 3837 4361 4657 5057 5515 5944 6289 6675 6828 7102 7555 7830 8403 8697 8912 9081 9655 9813
29 118 392 786 1017 1301 1680 2062 2363 2966 3413 3711 4079 4699 4997 5191 5480 5602 5879 6224 6638 6985 7182 7610 7827 8338 8728 9208 9539 9866
27 119 595 1141 1433 1818 2023 2152 2426 2973 3272 3786 4107 4396 4645 4904 5257 5633 5933 6256 6667 6970 7309 7559 8135 8884 9345 9728
27 120 356 907 1407 1929 2145 2338 2663 3071 3382 3701 4199 4641 4852 4967 5266 5659 5965 6401 6651 7044 7267 7778 8308 8840 9553 9954
33 121 592 795 1120 1508 2088 2312 2811 3269 3559 3657 3926 4294 4430 4701 5037 5283 5594 6033 6239 6370 6512 6870 7275 7527 7781 7953 8301 8797 9012 9319 9592 9851
29 122 428 940 1284 1532 1905 2316 2773 3198 3621 4030 4305 4826 5223 5307 5746 6024 6263 6456 6708 7095 7695 7979 8220 8349 8527 8762 9170 9713
26 123 776 1069 1402 2055 2479 3065 3342 3556 3813 3985 4295 4629 4814 5413 5784 6175 6735 7139 7552 7865 8401 8618 9115 9389 9934
24 124 489 659 1041 1312 1902 2546 3294 3835 4254 4535 4860 5301 5809 5972 6453 6902 7132 7381 7682 8212 8804 9222 9911
30 125 479 853 1270 1549 1877 2399 2716 3276 3625 4045 4216 4571 4917 5267 5506 5898 6210 6885 7141 7522 7960 8155 8453 8521 8757 9155 9410 9613 9769
30 126 494 905 1468 1664 1947 2311 2823 3250 3444 3822 4031 4471 4808 4947 5211 5479 6099 6365 6803 7041 7384 7632 7864 8148 8555 8834 9161 9503 9874
29 127 443 800 1330 1821 2135 2740 2992 3498 3895 4018 4432 4768 5024 5402 5890 6087 6296 6914 7172 7758 7886 8065 8364 8812 9137 9421 9692 9862
28 128 442 1033 1406 1874 2376 2661 2965 3465 3630 3894 4118 4544 4886 5345 5584 5774 6186 6518 6730 7259 7462 7837 8170 8477 8973 9504 9941
30 129 605 874 1172 1581 1875 2494 2950 3162 3403 3761 4066 4469 4733 4955 5303 5512 5992 6176 6430 6754 7467 7792 8201 8545 8714 9051 9500 9606 9841
31 130 391 700 1113 1635 1937 2124 2343 2693 2939 3105 3463 3803 4020 4441 4706 5319 5553 5722 6179 6593 6974 7315 7517 7935 8481 8773 8986 9255 9510 9960
27 131 535 892 1300 1793 2008 2509 2941 3068 3492 3679 3965 4252 4578 4944 5395 5651 6177 6596 6922 7225 7737 8428 8764 9060 9400 9806
24 132 474 773 1066 1695 1822 2178 2659 2867 3295 3534 4190 4595 5016 5725 6054 6490 7010 7510 7848 8089 8611 9029 9733
27 133 664 1176 1411 1693 2049 2396 2865 3102 3740 4096 4402 4671 5027 5528 5724 5911 6546 6956 7318 7546 7949 8390 8836 9298 9406 9768
31 134 469 1145 1441 1834 2061 2211 2719 3079 3363 3748 4131 4325 4519 4899 5332 5753 5880 6212 6580 6982 7388 7736 8099 8286 8439 8710 9007 9253 9505 9848
28 135 625 1059 1426 1747 2231 2600 3104 3143 3248 3456 4043 4345 4794 5139 5702 6085 6422 6617 6987 7325 7755 7879 8324 8631 8963 9266 9482
27 136 363 601 877 1103 1475 1920 2183 2554 2899 3375 3763 4014 4320 4809 5184 5599 5834 6115 6584 7000 7450 8044 8643 9130 9546 9844
30 137 397 707 932 1126 1519 1881 2163 2440 2608 2852 3300 3920 4036 4476 4730 4911 5281 5734 6052 6520 6738 7054 7261 7513 8114 8461 8882 9262 9689
27 138 599 962 1117 1415 1940 2305 2590 2968 3096 3395 3849 4172 4352 4590 5071 5500 5956 6767 6871 7120 7545 8104 8302 8838 9328 9891
30 139 501 656 995 1142 1465 2106 2710 3083 3415 3713 4063 4359 4561 4919 5242 5514 5772 6047 6182 6765 7283 7541 7750 8276 8633 8961 9321 9665 9819
30 140 509 841 1061 1556 1892 2216 2935 3281 3592 4213 4665 4867 5246 5331 5561 5803 6321 6548 6682 7057 7355 7651 8025 8240 8564 8767 8989 9369 9688
30 141 641 1106 1289 1674 2037 2527 2919 3029 3552 3994 4331 4516 5036 5159 5454 5660 5949 6340 6749 7090 7287 7704 7920 8242 8436 8724 8974 9354 9791
30 142 421 879 1361 1816 2027 2478 2892 3042 3301 3419 3497 3584 3897 4446 4907 5338 5533 6046 6438 7068 7660 7928 8305 8505 8788 9220 9501 9672 9992
28 143 607 826 1005 1283 1812 2253 2623 3113 3365 3782 4371 4789 4963 5380 5881 6240 6635 7181 7341 7665 8055 8219 8739 9089 9277 9377 9855
29 144 437 722 991 1373 1768 2130 2503 2903 3134 3539 3992 4259 4696 5056 5350 5704 6010 6259 6360 6826 7230 7666 8066 8253 8548 9006 9472 9776
30 145 407 804 934 1108 1309 1629 2179 2390 2628 3026 3286 3637 4111 4355 4812 5308 5669 5941 6269 6690 7032 7639 7948 8379 8689 8993 9296 9382 9601
26 146 531 782 1096 1550 1794 2164 2480 2786 3306 3489 3877 4490 5091 5491 5891 6310 6802 7362 7909 8281 8727 9079 9343 9590 9943
28 147 387 606 903 1394 1839 1936 2229 2395 2875 3317 3706 4087 4351 4621 5082 5652 6245 6654 6786 7088 7417 7892 8129 8584 9026 9666 9950
26 148 696 1032 1623 2039 2333 2587 2806 3097 3538 3879 4342 4835 5168 5399 5786 6410 6750 7087 7471 7947 8282 8629 9148 9467 9853
25 149 560 823 1050 1625 2174 2850 3427 3789 4067 4451 4865 5250 5921 6412 6678 7224 7564 7877 8303 8654 8914 9047 9325 9917
32 150 590 821 1403 1667 2093 2192 2584 2699 2859 3123 3541 3816 4095 4388 4661 4825 5013 5562 5897 6413 6586 6719 7200 7523 7863 8214 8357 8580 8937 9452 9920
24 151 847 1210 1630 2004 2354 2961 3136 3527 4023 4240 4783 5317 5671 6257 6775 7194 7535 7800 8360 8590 8860 9458 9981
28 152 555 1010 1563 1979 2287 2675 3016 3330 3780 3941 3996 4207 4711 5088 5526 5895 6380 6784 7263 7538 7858 8243 8695 9003 9340 9463 9739
29 153 639 1024 1157 1390 1803 2147 2711 3180 3704 3983 4486 4798 5268 5638 5850 6157 6547 6747 7037 7376 7663 7829 8040 8347 8639 8983 9276 9956
29 154 410 878 1318 1699 2026 2389 2630 2839 3186 3564 3873 4262 4780 5346 6012 6306 6571 6955 7187 7394 7587 7706 7995 8466 8737 9217 9437 9764
28 155 638 979 1299 1535 1982 2439 3015 3442 3743 3937 4168 4481 4991 5173 5545 5795 6202 6558 6810 7354 7712 8010 8473 8690 8994 9233 9687
28 156 370 567 930 1278 1619 1926 2246 2635 2846 3411 3673 3942 4377 4758 5085 5564 5919 6205 6597 6855 7395 7694 8047 8409 8929 9364 9763
29 157 790 1152 1705 2217 2678 2931 3229 3490 3658 4148 4392 4639 4994 5230 5550 5773 5904 6003 6206 6585 6852 7190 7563 8264 8835 9128 9380 9895
28 158 523 911 1265 1378 1598 2278 2986 3155 3696 4029 4498 4760 5061 5334 5504 5715 6367 6795 7036 7306 7701 8258 8646 8893 9146 9432 9803
26 159 660 1043 1349 1466 1591 1987 2381 2712 3127 3792 4308 4743 5140 5510 5988 6443 6967 7222 7584 7811 8142 8669 9038 9407 9627
27 160 454 774 1003 1586 1963 2224 2488 2798 3062 3494 3963 4607 5143 5541 5815 6298 6582 7045 7364 7929 8169 8411 8822 9098 9367 9736
27 161 572 833 1254 1580 1725 2191 2489 2618 3152 3812 4339 4549 4880 5096 5487 5943 6342 6693 6800 7169 7540 7968 8446 8615 8956 9525
27 162 685 947 1666 2194 2566 2702 3499 3755 4134 4509 4797 5065 5335 5661 5963 6319 6521 6831 7201 7392 7720 8216 8485 8997 9184 9587
29 163 408 714 1068 1317 1717 2095 2362 2911 3160 3703 3936 4224 4620 5015 5167 5466 5611 5966 6328 6716 7023 7475 7819 8261 8700 8918 9335 9881
27 164 699 1331 1473 1754 2033 2469 2765 3067 3280 3508 4127 4404 4727 5129 5378 5713 6097 6610 7110 7440 8046 8417 8733 9211 9491 9759
26 165 519 850 1307 1607 1886 2302 2680 2910 3196 3640 3891 4360 4774 5373 5884 6189 6557 6853 7236 7458 7977 8352 8796 9117 9729
31 166 413 684 1187 1431 1610 1994 2475 2625 2854 3011 3316 3736 3828 4171 4293 4881 5366 5617 5869 6264 6659 7117 7698 8013 8510 8790 9010 9294 9607 9901
32 167 455 848 1291 1496 1789 1984 2150 2432 2940 3256 3717 3802 4247 4580 4751 5012 5166 5452 5912 6500 6772 7146 7397 7838 8176 8445 8779 9022 9288 9415 9701
26 168 357 513 935 1321 1726 2237 2434 2975 3608 4273 4663 5271 5606 5975 6332 6563 7049 7295 7494 7849 8353 8596 9097 9242 9640
25 169 766 1153 1676 2024 2258 2342 2933 3579 4057 4410 4971 5302 5460 5690 5817 6174 6726 7007 7609 8206 8831 8982 9619 9839
27 170 404 661 1047 1282 1776 2337 2771 3356 3790 4518 4721 4926 5263 5551 5900 6163 6537 6770 7228 7409 7688 8043 8387 8959 9584 9902
26 171 564 924 1258 1681 1906 2296 2805 3158 3384 3819 4422 4781 5035 5256 5566 5770 6146 6594 6979 7410 7839 8139 8678 8948 9578
29 172 398 883 1488 1903 2284 2518 2864 3271 3450 3626 3973 4270 4698 4951 5053 5488 6119 6732 6935 7411 7566 8015 8354 8496 8897 9083 9454 9857
28 173 736 1481 1792 2119 2450 2794 3030 3434 3702 4047 4248 4720 5181 5593 5967 6295 6744 7099 7469 7780 8048 8465 8713 9093 9189 9591 9922
30 174 678 1009 1544 1898 2425 2679 2999 3297 3635 4017 4364 4591 5005 5404 5806 6029 6241 6486 6652 6945 7311 7602 8085 8437 8665 9067 9317 9751 9898
27 175 458 781 1257 1571 1971 2267 2582 2792 3187 3430 4075 4683 5101 5371 5701 6233 6297 6384 6728 6934 7350 7854 8522 9043 9625 9968
32 176 538 842 960 1173 1451 1546 1772 2146 2448 2672 2906 3021 3351 3796 4278 4755 4979 5299 5693 5958 6180 6302 6600 7343 7836 8173 8518 8776 9144 9401 9896
28 177 552 1035 1155 1442 1970 2327 2514 2860 3252 3660 3961 4167 4477 4637 5031 5468 6113 6283 6627 6901 7242 7675 8175 8484 8707 9230 9562
27 178 521 886 1034 1524 1813 2423 2727 3132 3401 3672 4147 4624 5070 5447 5620 6027 6369 6478 6841 7065 7686 8073 8459 9014 9301 9610
25 179 524 988 1448 1808 2203 2524 3179 3746 4181 4517 4820 5455 5813 6383 6965 7317 7644 8014 8386 8913 9121 9534 9742 9913
27 180 511 1045 1316 1446 1661 2242 2471 2775 3002 3426 3663 4303 4703 5273 5517 5955 6457 6740 7001 7554 7862 8190 8572 8826 9279 9741
28 181 820 1212 1634 1847 2290 2956 3322 3830 4157 4495 4688 4993 5187 5441 5735 5946 6248 6673 7164 7585 7993 8238 8455 8869 9107 9431 9852
33 182 506 720 1012 1208 1328 1589 2215 2561 2827 3257 3596 3817 4195 4418 4724 5087 5502 5679 5844 6093 6368 6566 6882 7326 7636 7840 8039 8422 8868 9252 9649 9835
30 183 412 712 968 1384 1782 2042 2270 2537 3054 3327 3727 4089 4581 4920 5369 5621 5903 6077 6354 6760 7291 7484 7673 7906 8313 8808 9157 9519 9927
29 184 798 1105 1344 1781 1872 2196 2585 2988 3337 3636 3984 4152 4468 4713 5151 5542 5767 5997 6330 6655 6964 7422 7842 8149 8632 8976 9379 9860
29 185 463 741 868 1030 1412 1833 2051 2344 2648 2922 3165 3436 4093 4500 4801 5072 5560 5802 6183 6534 7148 7647 8223 8480 8801 9198 9399 9732
31 186 351 931 1320 1562 1996 2558 2889 3025 3205 3441 3757 3929 4082 4277 4632 5019 5472 5728 6217 6522 7048 7532 7760 7900 8144 8408 8889 9194 9618 9958
30 187 435 691 936 1244 1749 2496 2914 3058 3173 3769 4163 4445 4772 5227 5547 5793 6228 6508 6762 6923 7423 7787 7973 8247 8424 8664 8964 9331 9929
27 188 952 1224 1450 2070 2428 2731 3199 3367 3809 3969 4099 4570 5073 5450 5789 6137 6254 6639 6932 7586 7939 8158 8624 9151 9567 9824
30 189 449 651 1011 1298 1738 1870 2295 2447 2704 3003 3308 3509 3955 4083 4597 4748 5109 5274 5418 6116 6452 6866 7420 7693 8017 8426 8901 9334 9754
30 190 549 899 1151 1399 1653 1948 2525 2936 3398 3567 3767 3978 4182 4766 4973 5364 5643 6025 6293 6622 6989 7515 7705 8077 8470 8824 9234 9555 9859
27 191 503 752 1081 1679 1954 2239 2739 2996 3471 3661 3944 4353 4627 4948 5359 6045 6670 7243 7722 7881 8262 8719 9036 9212 9624 9996
29 192 674 1239 1573 1727 2162 2451 2778 3372 3642 3857 4212 4431 4712 4861 5312 5558 6055 6559 6787 7314 7764 7983 8342 8571 9099 9353 9676 9907
32 193 360 675 997 1375 1760 2103 2293 2669 3027 3217 3682 3950 4282 4634 5104 5433 5738 6064 6165 6356 6644 6884 7232 7558 8011 8198 8561 8811 9072 9481 9781
31 194 557 719 939 1100 1296 1689 2398 2828 3214 3472 3779 3829 4162 4408 4719 4799 5021 5386 5854 6647 6891 7114 7379 7814 8119 8257 8577 8965 9540 9985
32 195 733 1070 1372 1660 1977 2322 2536 2642 3013 3320 3954 4196 4586 4958 5236 5535 5852 6209 6341 6484 6780 6893 7248 7497 7808 8005 8165 8462 9049 9202 9737
25 196 553 951 1340 1744 2102 2504 2951 3397 3982 4600 4824 5315 5907 6167 6570 7107 7482 7880 8056 8467 8763 9436 9622 9766
28 197 358 573 1053 1516 1715 1835 2170 2718 3089 3726 4039 4338 4796 5216 5905 6458 6565 6809 7074 7448 7599 7898 8215 8967 9231 9634 9893
28 198 723 1054 1222 1585 2007 2273 2761 3108 3421 3688 4170 4654 4938 5270 5531 6204 6703 6937 7407 7771 8024 8307 8712 8957 9281 9428 9995
31 199 372 649 1006 1383 1767 2334 2574 2880 3221 3493 3778 4180 4511 4687 4964 5112 5342 5578 6262 6334 6661 6924 7249 7642 7833 8037 8543 9002 9433 9827
29 200 600 1084 1606 2020 2612 2760 2888 3304 3671 4340 4864 5286 5589 5829 5971 6201 6366 6592 6926 7292 7499 7988 8410 8875 9110 9316 9489 9904
34 201 396 611 805 1132 1242 1528 1601 1828 2085 2548 2738 3007 3473 3624 4232 4403 4562 4868 5111 5475 5699 5925 6238 6671 7130 7345 7803 8074 8193 8647 8998 9263 9551
30 202 672 881 1093 1238 1659 1962 2356 2641 3183 3501 3785 4135 4332 4697 5292 5875 6191 6399 6543 6807 7162 7582 8012 8334 8582 8843 9260 9615 9949
31 203 470 772 1087 1401 1626 1841 2346 2769 3129 3486 3846 4200 4729 5059 5429 5846 6203 6503 6824 6949 7207 7618 7883 8405 8848 8919 9254 9376 9690 9982
30 204 477 1198 1564 1712 2066 2433 2836 3038 3376 3582 3869 4183 4440 4740 4987 5207 5394 5592 6075 6231 6701 7185 7542 7834 8374 8825 9344 9506 9998
24 205 813 1267 1504 2035 2499 2768 3110 3399 3922 4362 4428 4859 5523 5833 6060 6432 6919 7121 7363 7964 8526 9226 9738
33 206 491 893 1168 1377 1790 2104 2244 2491 2759 3055 3424 4009 4160 4348 4693 4960 5196 5886 6225 6587 7003 7270 7393 7810 8008 8392 8595 8907 9264 9602 9814 9988
28 207 529 824 1216 1904 2218 2614 2878 2997 3366 3641 4141 4334 4739 5075 5336 5759 6023 6251 6606 7137 7398 7845 8174 8698 8895 9269 9924
29 208 419 845 1110 1554 1801 2272 2359 2565 3209 3514 3758 4078 4436 4858 5237 5736 5974 6476 6618 7043 7457 7729 7908 8112 8513 8816 9311 9809
29 209 399 627 864 1079 1389 1773 2177 2430 2785 3088 3412 3951 4378 4458 4753 5212 5442 5868 6216 6718 7089 7426 7531 7844 8189 8847 9149 9712
31 210 384 676 1099 1413 1832 2230 2412 2632 3185 3270 3488 3831 3998 4311 4849 5169 5254 5811 6153 6421 6741 7013 7327 7859 7996 8226 8524 8954 9365 9833
28 211 695 918 1235 1355 1479 2073 2486 2721 3037 3251 3594 3981 4356 4715 4838 5099 5737 6048 6488 7149 7727 8103 8506 8950 9084 9418 9717
32 212 434 861 1189 1460 1950 2175 2235 2464 2934 3230 3410 3861 4379 4565 4857 4992 5453 5983 6265 6535 6851 6900 7229 7316 7623 8075 8756 8859 9297 9710 9834
27 213 926 1272 1543 1741 2016 2572 2802 3166 3457 3839 4397 4802 5259 5730 6098 6564 6916 7512 7762 7998 8404 8662 8786 9172 9564 9875
28 214 486 709 873 1356 1824 2072 2279 2707 2971 3402 3762 4052 4461 4764 5529 5982 6188 6423 6848 7178 7536 7790 8372 8709 9032 9487 9799
30 215 438 669 1179 1414 1723 1867 1966 2276 2913 3080 3484 3692 3928 4406 4738 4945 5278 5530 6007 6355 6608 6918 7361 7910 8371 8857 9228 9523 9915
30 216 485 663 928 1313 1656 1869 2074 2406 2866 3125 3235 3618 3882 4263 4480 4803 5086 5282 5922 6145 6545 7097 7678 8182 8677 8935 9197 9366 9812
27 217 637 865 1295 1685 2021 2482 2938 3504 3771 3997 4304 4577 5199 5777 6142 6641 7104 7468 7936 8154 8432 8742 8871 9308 9678 9909
29 218 497 852 1269 1638 2053 2341 2564 3045 3513 4072 4433 4885 5277 5666 5885 6034 6138 6437 6847 7209 7389 7724 8213 8581 8823 9105 9557 9883
26 219 634 900 1200 1352 1762 2212 2766 3437 3811 4291 4555 4875 5122 5668 5906 6352 6609 6777 7021 7367 7601 8140 8601 9062 9604
25 220 941 1567 1866 2154 2563 2959 3225 3667 3935 4317 4548 4914 5387 5782 6094 6213 6892 7056 7687 8306 8438 8852 9109 9545
31 221 510 764 867 1014 1371 1534 1894 2110 2605 2918 3101 3303 3949 4300 4640 4925 5202 5496 5979 6318 6628 6943 7505 7897 8184 8449 8939 9176 9629 9882
33 222 403 615 1002 1351 1552 1910 2462 2658 2970 3328 3468 3649 3915 4064 4608 5206 5384 5650 5883 6091 6479 6779 6909 7214 7616 7868 8067 8610 8938 9076 9346 9792
28 223 653 1177 1628 2013 2413 2772 3146 3425 3764 4142 4524 4884 5422 5761 6030 6362 6737 7075 7333 7655 7914 8161 8366 8841 9177 9558 9979
30 224 445 856 1112 1347 1780 2040 2622 2838 3193 3511 4136 4496 4848 5240 5683 5947 6020 6417 6550 6838 7091 7433 7931 8492 8896 9265 9533 9569 9899
28 225 532 984 1335 1694 2116 2454 2987 3353 3825 4126 4610 4905 5178 5853 6152 6672 6915 7154 7431 7718 8038 8421 8612 8940 9314 9657 9778
28 226 617 1090 1341 1825 2127 2424 2594 2926 3141 3319 3675 4143 4507 4844 5249 5644 6120 6357 6595 6819 7347 7763 8132 8558 9068 9394 9837
29 227 369 642 919 1256 1566 2019 2549 3057 3460 3735 4065 4412 4843 5179 5647 5754 6244 6668 6868 7047 7307 7612 8051 8259 8511 8814 8910 9603
29 228 418 819 1089 1404 1930 2347 2645 2993 3466 3651 4061 4368 4573 4996 5409 5630 5748 6128 6427 6568 7024 7153 7550 8003 8330 8780 9267 9664
32 229 717 855 1311 1691 1999 2266 2483 2677 2904 3318 3852 4037 4554 4985 5243 5609 5818 5984 6270 6683 6947 7278 7492 7887 8181 8479 8771 9126 9476 9599 9774
25 230 578 949 1364 1648 2232 2862 3409 3620 4019 4357 4614 5138 5363 5855 6346 6637 7155 7424 8041 8541 9031 9385 9462 9842
29 231 749 1088 1391 1646 1864 2031 2368 2599 3053 3569 4156 4479 4784 4946 5288 5575 6090 6466 6921 7504 7716 7965 8224 8636 8942 9249 9680 9946
31 232 525 767 1111 1408 1759 2098 2271 2449 2927 3428 3587 3872 4235 4553 4863 5161 5588 5863 6135 6533 6925 7239 7459 7923 8415 8599 8946 9237 9531 9952
28 233 520 745 980 1206 1499 1783 2259 2576 3115 3512 4025 4416 4605 5192 5587 6065 6539 7063 7449 7784 7950 8320 8551 8972 9239 9596 9752
29 234 451 636 1114 1560 1925 2245 2762 2949 3345 3699 4187 4421 4704 4923 5201 5794 6222 6391 6781 7262 7529 7734 8278 8427 8722 9223 9417 9735
29 235 613 880 1275 1494 1842 2091 2419 2845 3076 3261 3662 4155 4649 4877 5353 5628 5877 6122 6343 6710 7147 7454 7740 8150 8509 8850 9236 9758
27 236 406 758 1183 1514 1827 2197 2657 2981 3354 3805 4026 4437 4965 5412 5991 6403 6771 7258 7378 7725 7976 8517 8894 9270 9556 9856
29 237 655 755 1023 1500 1639 2064 2392 2696 2920 3211 3454 3646 4032 4709 5120 5629 6133 6515 7008 7272 7463 7954 8200 8336 8725 9087 9536 9944
35 238 543 769 908 1156 1476 1657 1855 2107 2159 2498 2946 3359 3563 3890 4267 4574 4897 5417 5929 6448 6598 6822 6999 7391 7580 7798 8138 8361 8598 8740 8945 9235 9453 9832
32 239 583 870 1137 1597 1888 2173 2431 2902 3368 3860 4177 4376 4873 4986 5105 5377 5626 5901 6193 6572 7027 7241 7511 7915 8274 8583 8899 9258 9511 9787 9955
29 240 420 992 1452 1758 2086 2386 2638 2978 3298 3676 3934 4296 4536 4949 5218 5463 5889 6226 6492 7152 7372 7756 8197 8542 9069 9383 9726 9936
30 241 582 818 1332 1542 1958 2252 2521 2787 3383 3652 4108 4387 4664 5077 5482 5847 6089 6219 6632 6894 7276 7661 8071 8329 8747 9102 9566 9822 9971
29 242 654 858 1261 1708 2043 2281 2633 2840 3153 3690 3840 4268 4582 4932 5552 5778 6136 6505 6857 7251 7662 8171 8435 8705 8890 9391 9668 9928
26 243 956 1345 1800 2022 2733 3120 3435 3612 4033 4179 4583 5074 5438 5858 6092 6358 6575 6908 7145 7514 7933 8157 8380 8996 9682
29 244 577 920 1346 1572 1846 2241 2374 2654 2887 3393 3708 4151 4488 4900 5022 5411 5887 6134 6307 6676 6968 7572 7990 8275 8684 9192 9641 9858
32 245 817 1135 1527 1806 2240 2617 2842 3218 3329 3728 4173 4584 4891 5018 5185 5697 5935 6148 6361 6739 6931 7142 7271 7676 8113 8478 8701 9113 9359 9471 9885
30 246 431 581 1027 1410 1791 1942 2206 2361 2755 3145 3449 3787 4330 4503 4983 5337 5677 5899 6242 6631 6998 7421 7797 8053 8312 8754 9017 9251 9838
31 247 806 1037 1205 1513 1848 2325 2653 3019 3260 3595 3893 4073 4394 4726 4837 5055 5183 5406 5614 6008 6469 6843 7061 7429 7739 8245 8560 8915 9250 9749
28 248 467 738 1052 1381 1843 2221 2526 3005 3377 3848 4201 4585 5131 5549 5871 6271 6680 7103 7549 7746 7942 8294 8667 9039 9181 9636 9961
28 249 544 904 1192 1503 1865 2328 2592 2767 2925 3610 4100 4475 4734 5154 5465 5841 6147 6372 6513 7213 7761 8111 8414 8691 9150 9547 9880
31 250 481 682 1056 1329 1670 1786 2123 2472 2898 3232 3526 3752 3991 4372 4679 4937 5311 5543 5838 6156 6498 6704 7053 7551 7735 8136 8699 8920 9131 9513
27 251 508 869 1374 1533 2058 2551 2897 3346 3678 4059 4409 4723 5084 5636 6021 6313 6576 6913 7280 7533 8227 8760 8911 9187 9743 9945
30 252 475 762 915 1067 1620 2156 2357 2456 2807 3182 3417 4192 4525 4674 4990 5493 5779 6185 6560 6898 7377 7592 7984 8343 8559 8782 9286 9648 9957
28 253 504 787 1150 1418 1807 2168 2366 2732 3099 3515 3923 4333 4601 4810 5213 5408 5681 6117 6514 6697 7285 7714 8272 8440 9066 9524 9748
31 254 382 765 1026 1531 1755 2101 2485 2639 2921 3414 3725 3815 4101 4491 4630 4840 5195 5732 5959 6294 6688 6808 7119 7310 7937 8413 8778 9292 9477 9808
25 255 623 977 1154 1797 2538 2912 3274 3730 4060 4164 4646 4982 5508 5796 6072 6349 6849 6976 7590 7789 8288 8729 9309 9910
25 256 628 1025 1338 1457 1640 2018 2650 3167 3555 3874 4385 4596 5089 5559 5980 6308 6555 7227 7802 8124 8660 9027 9278 9526
28 257 716 1060 1464 1785 2204 2510 2945 3310 3784 3947 4120 4569 5052 5396 5691 5996 6350 6531 6665 6980 7332 7646 7899 8575 8936 9310 9757
30 258 785 1104 1405 1724 2404 2735 2954 3266 3507 4013 4489 4673 4931 5188 5358 5733 6102 6247 6468 6743 7026 7640 7874 7924 8676 9009 9402 9630 9888
26 259 597 1071 1430 1651 2223 2458 2705 3195 3381 3629 4016 4636 5064 5631 6178 6414 6941 7234 7615 8050 8397 8550 8987 9225 9817
28 260 570 1169 1456 1861 1988 2294 2579 2994 3485 3856 4220 4533 5039 5664 5923 6107 6480 6660 6889 7179 7544 8063 8153 8635 9108 9645 9989
24 261 802 1063 1469 1928 2335 2948 3223 3599 3909 4566 5144 5451 5743 6141 6674 6962 7223 7754 8101 8460 8726 9196 9573
28 262 621 948 1342 1924 2210 2748 2944 3491 3686 4242 4520 5222 5436 6014 6404 6694 6759 6994 7124 7352 7672 7974 8263 8578 9213 9398 9595
31 263 405 791 1480 1893 2105 2473 2695 2955 3238 3388 3528 3720 3855 4266 4593 4871 5110 5261 5581 5916 6331 6656 6829 7134 7438 7956 8600 9016 9411 9849
26 264 743 1218 1459 1756 2411 2694 2947 3464 3959 4497 4853 5126 5405 5726 6082 6504 6940 7303 7703 8064 8348 8585 8753 9037 9493
30 265 677 950 1202 1327 1850 2186 2443 2818 3095 3589 3902 4058 4474 5011 5354 5827 6237 6604 6961 7204 7430 7742 7901 8054 8463 8981 9122 9423 9963
31 266 571 812 965 1388 1771 2125 2441 2535 2858 3291 3601 3896 4275 4575 4910 5034 5423 5828 6243 6462 6789 7092 7342 7785 8020 8187 8335 8809 9342 9872
31 267 537 704 885 1245 1609 2030 2379 2924 3077 3305 3694 3948 4526 4842 5007 5137 5382 5894 6311 6418 6813 7203 7399 7574 7691 8030 8686 9114 9356 9643
29 268 452 630 999 1422 1603 1817 2193 2418 2788 3139 3557 3914 4229 4576 4759 5322 5499 5800 5985 6400 6707 6957 7634 8151 8488 8887 9594 9873
27 269 757 989 1548 1719 2054 2387 2817 3278 3664 3943 4261 4669 5204 5568 6058 6591 6896 7070 7521 8127 8355 8731 8966 9123 9329 9775
28 270 472 788 1130 1491 1748 2172 2593 2885 3151 3520 3705 4280 4527 4892 5275 5892 6299 6499 6758 7067 7543 7772 7930 8327 8886 9323 9582
29 271 433 593 875 1292 1701 2201 2774 3130 3656 4081 4541 4935 5247 5383 5867 6440 6685 6973 7252 7491 7741 8145 8325 8452 8885 9061 9259 9598
30 272 814 1293 1798 2137 2372 2668 3094 3406 3731 3966 4284 4745 4943 5309 5634 5951 6424 6517 6910 7199 7356 7872 8277 8531 8769 9147 9201 9542 9932
29 273 447 876 1196 1443 1718 2304 2662 3035 3481 3818 4253 4757 5489 5830 6079 6470 6562 6861 7031 7375 7604 7890 8196 8793 9240 9373 9671 9921
28 274 416 748 1091 1178 1547 1704 2151 2532 2893 3518 3821 4241 4831 5182 5509 5678 6227 6473 6936 7129 7579 7743 7938 8443 8909 9200 9887
28 275 432 616 1136 1474 1624 2438 2637 2689 3017 3243 3800 4214 4872 5081 5462 5865 6483 6946 7133 7455 7876 8434 8554 8706 8951 9193 9762
30 276 556 898 1193 1478 1985 2444 3086 3462 3854 4230 4487 4936 5235 5557 5757 6031 6300 6541 6590 6927 7196 7581 7946 8232 8839 9059 9138 9614 9948
32 277 425 702 866 1180 1765 2045 2358 2848 3093 3213 3422 3863 4319 4609 5009 5344 5766 5954 6038 6381 6742 7138 7412 7681 8097 8359 8503 8829 9186 9424 9572
30 278 415 715 1097 1197 1505 1923 2274 2567 2853 3066 3483 3566 3912 4161 4484 4836 5208 5569 5970 6433 6899 7476 7871 8225 8569 8944 9175 9324 9771
28 279 554 747 994 1259 1453 1973 2234 2660 3107 3477 3775 4203 4501 4638 5026 5410 5695 5798 6447 6872 7349 7889 8126 8594 8820 9103 9656
28 280 518 726 1147 1395 1871 2052 2353 2684 2847 3282 3548 4251 4537 5135 5554 5937 6373 6723 7073 7470 7731 8122 8493 8661 8828 9299 9718
32 281 542 891 1086 1472 1706 2122 2507 2872 3233 3522 3697 3921 4336 4648 4898 5097 5341 5653 5993 6374 6695 7018 7166 7240 7622 7770 8186 8497 9135 9574 9867
31 282 810 1038 1368 1590 1854 2393 2615 2736 3119 3237 3732 4102 4382 4633 5043 5362 5591 5843 6407 6643 6785 7206 7667 7907 8094 8290 8557 9030 9456 9580
32 283 354 589 982 1379 1485 2041 2400 2571 2821 3148 3370 3531 3737 4176 4708 4889 5284 5755 5902 6449 6642 6990 7408 7692 8270 8625 8785 9045 9347 9831 9919
29 284 534 693 955 1188 1687 1918 2182 2757 3215 3565 3906 4539 4823 4895 5176 5623 6009 6194 6431 6917 7266 7664 8081 8468 8821 9348 9577 9804
26 285 740 1184 1348 1617 1734 2057 2298 2729 3392 3687 4106 4448 4762 5391 5780 6044 6583 6905 7413 7611 7857 8079 8383 8770 9448
28 286 480 902 1125 1509 1697 2202 2829 3010 3234 3843 4034 4326 4731 5149 5368 5603 6040 6395 6944 7135 7490 8084 8641 9001 9224 9435 9785
27 287 603 1004 1233 1713 1968 2275 2688 2952 3349 3723 4380 4851 4998 5390 5977 6272 6684 6969 7245 7670 7986 8310 8768 9096 9361 9653
29 288 587 670 929 1280 1673 1890 2158 2481 2703 2824 3321 3617 3892 4245 4619 4988 5238 5618 6151 6551 6912 7591 8000 8576 8978 9473 9820 9938
28 289 377 622 1124 1579 1998 2349 2671 3074 3418 3759 4084 4350 4615 4995 5388 5707 6037 6339 6645 7004 7339 7696 8164 8295 8842 9307 9877
32 290 462 759 1385 1588 1809 2250 2596 2752 3090 3546 4049 4373 4453 4893 5220 5721 5976 6081 6434 6536 6806 7313 7776 8236 8442 8715 8870 9091 9426 9658 9975
26 291 492 921 1574 1989 2324 2560 3032 3487 3876 4116 4375 4822 5174 5577 6132 6464 7002 7286 7496 7884 8162 8472 8810 9434 9850
28 292 446 1119 1279 1690 1857 2148 2609 2820 3098 3362 3643 3864 4386 4767 5296 5705 6028 6155 6623 7084 7304 7717 8092 8556 8999 9416 9747
27 293 461 974 1627 2009 2385 2530 2874 3506 3693 4088 4390 4546 4879 5162 5571 5961 6577 7174 7366 7813 8260 8619 9100 9412 9585 9783
30 294 584 1082 1322 1454 1879 2283 2477 2815 3059 3540 3824 4090 4442 5000 5347 5656 5849 6261 6607 7022 7335 7502 7733 7903 8280 8606 8738 9219 9894
28 295 777 1072 1366 1830 2184 2627 3206 3459 3754 4070 4472 4788 5190 5635 6018 6353 6614 6960 7369 7617 7978 8205 8369 8680 9169 9600 9805
29 296 466 1092 1314 1529 1993 2289 2754 3150 3420 3806 4080 4365 4941 5180 5546 5785 5878 6277 6699 7231 7447 7561 7817 8211 8412 8765 9112 9370
32 297 378 703 838 1085 1387 1737 2063 2367 2606 3012 3285 3519 3795 4255 4515 4887 5117 5516 6250 6753 6993 7338 7473 7958 8239 8358 8792 9111 9392 9651 9886
31 298 688 975 1234 1551 1810 1990 2340 2620 2844 3348 3932 4260 4415 4691 4821 5130 5522 5711 5914 6301 6528 6890 7017 7405 7757 7944 8231 8573 9086 9683
28 299 376 561 793 1440 1665 2094 2517 2782 2982 3615 4123 4922 5340 5576 5810 6192 6445 6844 7268 7709 8235 8471 8892 9056 9247 9528 9865
32 300 456 828 1040 1319 1487 1633 2050 2369 2686 3283 3573 3986 4250 4494 4742 4970 5203 5648 5994 6234 6611 7069 7658 8080 8293 8523 8696 9023 9257 9490 9845
29 301 367 566 1134 1662 1932 2075 2323 2720 3039 3324 3590 3952 4154 4556 4915 5205 5716 6016 6435 7062 7336 7835 8373 8876 9322 9357 9608 9967
26 302 539 832 1337 1501 1602 2032 2306 2685 3031 3290 3650 4069 4341 5060 5392 5816 6506 7015 7348 7530 7913 8218 8856 9290 9650
26 303 559 922 1194 1644 1972 2452 2796 3558 3756 4040 4315 4650 4940 5595 6088 6345 6549 6883 7115 7500 7927 8318 8752 9427 9704
26 304 499 863 1304 1555 1856 2038 2470 2790 2991 3482 4022 4425 4716 5118 5372 5720 6063 6426 6646 7331 7870 8345 8593 8906 9333
27 305 761 1080 1243 1621 2044 2580 3024 3379 3516 4046 4532 4787 5133 5574 5799 6214 6526 7042 7534 8019 8291 8644 8849 9082 9535 9884
28 306 620 963 1333 1735 2028 2394 2909 3140 3474 3808 4189 4473 4689 5150 5485 5964 6487 6662 7112 7282 7524 7777 8382 8800 9080 9374 9700
28 307 792 1199 1577 2160 2747 3197 3517 3738 4145 4588 4722 5014 5355 5548 5860 6187 6523 6854 7016 7296 7669 8052 8483 8751 9033 9232 9530
28 308 594 917 1432 1961 2391 2881 3147 3602 3974 4054 4211 4513 4728 5102 5596 6019 6601 7109 7290 7860 8100 8621 8905 9132 9390 9583 9878
29 309 500 884 1065 1190 1495 1919 2371 2851 3075 3405 4015 4399 4635 4950 5321 5467 5808 6236 6525 7005 7537 7893 8167 8675 8960 9125 9425 9667
29 310 527 844 1393 1716 2017 2384 2640 2799 3060 3611 3967 4204 4512 4890 5155 5416 5801 6276 6411 6788 7168 7749 8217 8694 8818 9106 9464 9797
31 311 514 946 1252 1668 1933 2128 2350 2547 2793 3114 3448 3710 4010 4467 4655 4952 5330 5613 6004 6371 6615 7028 7697 7902 8203 8588 8794 9163 9586 9939
27 312 692 1264 1613 2144 2522 2857 3190 3575 3903 4322 4482 4845 5470 5857 6035 6325 6874 7238 7481 7825 8061 8423 8952 9537 9879 9947
27 313 576 831 1241 1618 2089 2410 2929 3200 3793 4028 4289 4504 4807 5156 5503 5696 6199 6745 6881 7208 7594 8007 8642 9227 9679 9930
29 314 385 697 1273 1437 1703 1946 2331 2756 2957 3138 3665 3927 4137 4626 5063 5370 5703 6074 6529 6904 7176 7425 8021 8566 8949 9396 9647 9914
27 315 807 1223 1593 1943 2280 3122 3659 3930 4209 4389 4735 5241 5641 6197 6648 6996 7373 7925 8180 8658 8903 9221 9372 9529 9632 9906
28 316 353 498 983 1365 1721 1880 2263 2861 3210 3631 3826 4269 4677 5045 5848 6026 6375 6766 7019 7575 7959 8367 8536 8861 9442 9788 9990
30 317 602 987 1308 1584 1934 2247 2588 3131 3455 3668 4249 4622 5062 5304 5851 6073 6378 6856 7192 7518 7767 8034 8255 8659 8805 9243 9496 9709 9900
28 318 493 829 1073 1799 2126 2375 2835 3279 3739 4166 4363 4769 5076 5343 5570 5842 6129 6309 6756 7298 7596 7806 8143 8562 8844 9142 9696
30 319 596 889 1286 1612 1938 2336 2613 3047 3262 3500 3867 4191 4424 4754 4974 5427 5745 6103 6275 6649 7136 7269 7625 7922 8202 8649 9025 9470 9654
26 320 402 488 964 1370 1729 2262 2598 2923 3169 3648 3953 4292 4616 5229 5400 5685 6279 6818 7105 7708 8221 8546 9094 9214 9724
28 321 635 860 1121 1518 1860 2083 2315 2745 2980 3496 3841 3964 4258 4977 5440 5776 6287 6700 6864 7254 7479 7971 8265 8563 9078 9631 9973
29 322 465 872 1250 1876 2097 2249 2595 2890 3112 3371 3766 4071 4459 4817 5124 5511 5968 6258 6602 6986 7305 7629 8133 8321 8685 9070 9475 9869
26 323 459 843 1315 1711 2139 3004 3585 3886 4091 4202 4602 5113 5348 5582 6071 6612 7033 7353 7553 8163 8529 8908 9305 9626 9926
27 324 610 1008 1249 1763 2222 2511 2879 3267 3716 3881 4178 4538 4954 5297 5608 5820 6171 6679 7186 7588 7963 8429 8718 8947 9543 9795
27 325 483 1076 1382 1520 1922 2330 2690 3116 3259 3760 4085 4343 4660 5038 5367 5615 5940 6131 6669 7160 7321 7804 8322 8772 9419 9811
28 326 495 857 1343 1663 2006 2292 2713 2822 3106 3373 3698 3900 4297 5004 5381 5781 6200 6444 6653 7193 7401 7766 8023 8267 8827 9156 9773
30 327 362 690 901 1615 2087 2463 2764 3084 3347 3898 4286 4444 4749 5291 5456 5913 6292 6425 6842 7059 7344 7548 7916 8283 8655 8926 9330 9576 9753
25 328 546 890 1164 1611 1980 2442 2985 3240 3467 3669 4044 4309 5028 5637 6076 6388 6903 7382 7650 8018 8482 8874 9371 9800
27 329 350 694 1029 1354 1730 2291 2869 3311 3634 3768 4092 4324 4550 5123 5432 5917 6273 6724 6950 7324 7852 8159 8552 8888 9245 9706
27 330 730 1207 1595 2219 2591 2723 2989 3544 4097 4307 4775 5294 5750 6266 6621 6830 7195 7435 7794 8068 8607 8806 9052 9465 9698 9977
29 331 430 732 1133 1559 1974 2261 2578 2770 3022 3207 3429 3907 4327 4929 5098 5444 5672 5969 6419 6705 6907 7446 7721 8134 8539 8653 9118 9779
30 332 598 1116 1622 1766 1941 2068 2553 2751 3154 3644 4050 4384 4653 5158 5597 5719 5952 6335 6574 6859 7040 7360 7775 8069 8323 8670 9188 9549 9863
30 333 457 978 1511 1675 2048 2348 2562 2841 3176 3453 3956 4239 4514 4850 5128 5374 5486 5861 6454 6706 7060 7406 7683 8105 8296 8671 8877 9256 9635
28 334 361 763 1098 1698 2132 2506 2976 3302 3695 4005 4438 4930 5200 5525 5718 6139 6364 6626 7202 7477 7853 8299 8589 8975 9287 9699 9868
27 335 476 815 1007 1507 1957 2109 2495 2809 3006 3275 3853 4611 5221 5930 6235 6634 6948 7385 7643 8036 8185 8519 8791 9498 9685 9933
33 336 658 859 1219 1400 1462 1751 1873 2149 2468 2843 3161 3265 3561 3904 4056 4426 4829 5175 5586 5920 6327 6524 6721 7030 7370 7519 7768 8022 8365 8784 9167 9686
30 337 565 1229 1642 1992 2409 2724 2969 3332 3580 3931 4316 4558 5001 5239 5326 5624 5874 6398 6666 6939 7158 7443 7795 8279 8486 8815 9282 9662 9999
28 338 645 953 1262 1787 2467 2916 3458 3814 4231 4534 4839 5157 5424 5598 6011 6455 6636 7038 7170 7368 7866 8057 8317 8741 8980 9552 9673
27 339 373 750 1077 1435 1868 2254 2377 2891 3510 3810 4208 4846 5357 5658 5839 6207 6442 6811 7083 7539 7786 8078 8495 8735 9238 9639
31 340 585 990 1163 1376 1956 2153 2646 2930 3495 3781 4121 4505 4942 5224 5483 5640 6144 6519 6731 7020 7281 7589 7801 8168 8333 8623 8866 9185 9483 9715
30 341 383 608 1138 1641 2047 2408 2541 2665 3081 3352 3773 4130 4736 5092 5501 5687 6036 6347 6715 6895 7125 7427 7875 8244 8407 8711 8995 9502 9720
28 342 632 1143 1600 1899 2435 2717 3245 3545 3938 4012 4369 4870 5090 5616 5918 6333 6605 6773 7205 7451 7873 8210 8570 8817 9320 9570 9959
29 343 512 1042 1483 1777 1955 2243 2776 3350 3572 4215 4741 5115 5255 5645 5870 6249 6797 7235 7403 7744 8033 8199 8430 8830 9034 9206 9517 9721
30 344 417 618 1160 1506 1805 2282 2539 2884 3064 3502 3859 4008 4354 4589 4906 5245 5714 6170 6544 6886 7246 7707 7981 8284 8627 8979 9199 9521 9876
30 345 671 986 1227 1720 1884 2397 2676 2984 3547 3939 4279 4572 5079 5443 5639 5896 6420 6748 6929 7184 7627 7816 8137 8297 8520 8837 9120 9444 9623
28 346 487 737 1396 1975 2225 2401 2725 3292 3550 3866 4188 4405 4756 5017 5327 5739 5986 6288 6835 7346 7788 8160 8389 8683 8971 9178 9730
31 347 604 1276 1512 1788 2236 2534 2715 2917 3192 3407 3850 4210 4547 4882 5445 5610 5981 6337 6589 7052 7260 7818 8028 8319 8592 8862 9145 9429 9702 9816
32 348 424 742 888 1248 1636 2010 2288 2763 3014 3253 3751 4194 4559 4763 5251 5539 5819 6154 6377 6794 7131 7371 7807 8031 8252 8758 8928 9313 9560 9829 9997
26 349 679 789 1129 1537 2080 2420 2624 3171 3750 4449 4806 5325 5567 5760 6112 6561 6865 7593 7812 8076 8194 8474 9008 9466 9847
