13 0 721 1193 1400 1915 2167 2512 3066 3422 3650 4237 4600 5137
20 1 1036 1233 1676 2149 2622 2744 2996 3265 3776 4095 4376 4581 4725 4907 5285 5502 5899 6134 6553
15 2 594 1205 1577 1783 2037 2526 2749 3213 3567 3849 4238 4626 4963 5226
12 3 719 2358 4004 4516 4913 5353 5695 6022 6284 6599 6718
18 4 473 881 1554 2118 2582 3077 3538 3680 4097 4464 4766 5111 5282 5654 6161 6550 6909
23 5 550 1122 1471 1680 1960 2241 2510 2973 3348 3428 3691 3881 4278 4578 4737 4932 5173 5626 6073 6199 6410 6656
25 6 546 974 1199 1573 1840 2129 2530 2895 3129 3322 3622 3841 4104 4334 4555 4645 4956 5418 5675 5803 5943 6276 6797 6970
21 7 513 910 1218 1535 1961 2500 2814 3064 3220 3596 3853 4221 4586 4959 5108 5334 5900 6323 6755 7116
15 8 454 1195 1751 2211 2739 3074 3633 4172 4595 5012 5265 5557 5966 6229
26 9 417 577 930 1071 1514 1756 2045 2283 2676 3040 3160 3346 3445 3815 4160 4378 4702 4894 5069 5413 5544 5888 6074 6349 6897
14 10 598 798 1455 1809 2102 2376 2767 3165 3426 3768 4117 4325 5586
25 11 536 749 891 1057 1331 1760 2075 2547 2773 3140 3482 3798 4008 4228 4633 4848 5213 5401 5719 6036 6218 6422 6638 6752
11 12 616 926 1315 1663 2194 2552 2925 3209 3506 3936
20 13 601 982 1169 1520 1850 2060 2420 2754 3100 3410 3534 4041 4239 4714 4966 5240 5432 5901 6011
19 14 576 1255 1407 1800 2014 2335 2608 2994 3257 3873 4048 5096 6101 6296 6423 6705 6798 7049
17 15 530 858 1063 1179 1387 1752 2126 2457 2843 3001 3291 4513 5840 6253 6667 6898
21 16 543 836 1144 1717 2028 2321 2640 2825 3217 3439 3888 4319 4426 4792 5035 5346 5800 6041 6598 6719
15 17 562 1109 1423 1794 2070 2517 2762 3086 4146 5211 5629 5812 6325 6657
22 18 863 1069 1297 1522 1773 2270 2809 3215 3537 3846 4118 4458 4794 5090 5323 5552 5643 5947 6035 6396 6819
15 19 401 718 1022 2452 3697 3878 4043 4492 4993 5315 5489 5811 6343 6762
13 20 418 862 1106 1405 1601 1754 2155 2780 3079 3379 3562 3729
7 21 815 1413 1897 2097 2409 2573
22 22 574 850 1364 1627 1877 2310 2641 2907 3345 3686 3918 4270 4476 5079 5180 5309 5423 5669 6314 6748 6836
14 23 1818 3159 3674 3837 4306 4705 5165 5373 5733 5987 6268 6516 6882
14 24 637 814 1197 1358 1869 2230 2508 2709 3889 5505 5928 6129 6564
11 25 1114 2595 3800 3929 4185 4362 4594 4980 5174 5639
9 26 722 1192 3286 5072 5662 6155 6459 6750
21 27 659 1015 1628 2414 2618 2819 3173 3505 3816 4132 4269 4593 4902 5018 5283 5487 5671 6057 6342 6594
17 28 489 990 1338 1559 2019 2343 2934 3148 3455 3767 4699 4939 5343 5939 6207 6695
23 29 524 964 1472 1768 2039 2229 2611 2797 3248 3637 4018 4200 4463 4710 4983 5206 5768 6002 6142 6436 6652 6813
16 30 443 680 1208 2858 4374 4512 4768 5209 5408 5605 5846 6051 6433 6723 6921
20 31 892 1263 1617 1903 1966 2153 2274 2455 2805 3210 3642 3952 4293 4535 4602 4840 5144 5448 5553
5 32 656 1143 2277 3647
16 33 907 1245 1604 2089 2471 2672 2941 3178 3774 4290 4530 5051 5574 5806 5969
20 34 455 901 1269 1932 2399 2488 2777 3431 3797 4073 4491 4815 5139 5398 5554 5685 5879 6096 6298
10 35 937 1200 1491 1572 1898 2046 2176 4341 6627
14 36 488 1150 1595 1837 2140 2546 3034 3274 3380 3614 4871 6204 6380
18 37 698 1187 1682 2087 2594 2872 3103 3406 3700 4028 4210 4572 5188 5361 5777 5973 6262
15 38 549 1318 1974 2285 2860 3258 3529 3702 4217 4552 4750 4934 5325 5906
22 39 678 935 1465 1888 2203 2493 2703 3002 3242 3498 3628 3724 3893 3996 4390 5194 5601 5863 6093 6379 6631
14 40 873 2313 3526 3809 4451 4831 5024 5464 5699 6012 6234 6504 6601
23 41 635 806 903 1125 1306 1506 1821 2423 2964 3247 3480 3755 4394 4732 4861 5088 5276 5462 5772 6165 6424 6857
14 42 745 1363 1912 2226 2574 2900 3147 4400 5728 5867 6032 6292 6576
20 43 834 1170 1332 1576 1875 2187 2425 2635 2885 3244 3300 3694 4275 4795 4862 5349 5770 5970 6248
24 44 423 618 804 1172 1367 1941 2208 2362 2604 2821 2958 3171 3476 3756 3976 4143 4395 4761 5160 5395 5600 5754 6117
17 45 582 1044 1381 2945 4171 4289 4427 4809 5015 5267 5472 5709 5926 6170 6519 6818
19 46 714 1001 1257 1510 1646 1950 2265 3400 4695 4975 5274 5422 5507 5655 5885 6256 6780 7026
19 47 867 1672 1845 2199 2300 2755 3105 3292 3826 4162 4655 5002 5322 5672 5965 6209 6482 6950
15 48 969 1349 1660 2278 2479 2652 3065 3238 3512 3908 4050 4182 4429 4793
10 49 476 2796 4770 4995 5426 5910 6432 6715 7055
22 50 694 1235 1525 2078 2290 2722 3131 3342 3631 3814 4056 4208 4592 4892 5042 5291 5494 5830 6197 6628 6929
12 51 644 951 1251 1669 1919 2427 2699 2756 3060 3473 3654
22 52 450 939 1153 1661 2001 2307 2436 2891 3084 3454 3838 4013 4211 4405 4844 5402 5872 6037 6362 6837 6996
25 53 413 579 1035 1600 1883 2319 2626 2785 3037 3255 3525 3706 3995 4150 4462 4582 4917 5101 5330 5862 6219 6457 6555 6788
20 54 464 1030 1499 1811 2248 2515 2782 3142 3547 3960 4231 4674 4900 5421 5713 5825 6260 6537 6871
15 55 729 955 1246 2548 3806 3978 4347 4551 4915 5249 5317 5952 6505 6676
17 56 460 710 945 1385 1892 2180 2470 2826 3038 3279 3499 3701 3940 4393 4559 5067
24 57 620 1068 1334 1813 2204 2647 3048 3240 3510 3807 4020 4194 4398 4618 4718 4884 5237 5535 5737 6084 6202 6503 6760
19 58 642 888 1173 1372 1466 1863 2116 2461 2944 3599 4251 4508 4779 5205 5365 5807 6245 6672
18 59 580 1133 1280 1616 1923 2178 2695 3091 3609 3950 4089 4506 4763 5248 5852 6239 6525
14 60 542 868 1194 1957 2876 3415 3610 3811 4042 4363 4641 4802 5495
15 61 639 950 1333 1884 2191 2663 3535 3855 4127 4734 4988 5182 5400 5724
20 62 416 769 1054 1301 1691 1886 2065 2213 2490 2669 3576 4265 4539 4855 5087 5499 5705 6177 6663
14 63 474 1107 1453 1858 2217 2532 2832 3199 3611 4072 4561 5151 5578
22 64 507 1010 1355 1548 1718 1949 2534 2938 3015 3392 3570 3858 4038 4243 4466 4652 4926 5227 5340 5718 5975
11 65 519 741 961 1126 1546 2921 4123 4573 5000 5371
16 66 667 860 1210 1490 1810 2049 2596 2989 3283 3559 3922 4180 4321 5425 6426
15 67 835 2292 3541 3714 3945 4277 4448 4817 5070 5312 5856 6203 6500 6720
14 68 447 878 1146 2535 3847 4292 4632 4928 5247 5786 6069 6330 6620
19 69 708 1029 1241 1586 2055 2279 2590 2656 2966 3330 4012 4533 4835 5130 5409 5717 6395 6557
22 70 654 1058 1557 1671 1972 2132 2689 2935 3450 3667 3939 4282 4459 4605 4904 5191 5299 5470 5779 6006 6521
19 71 1038 1370 1618 1891 2316 2936 3339 3553 3932 4086 4356 4631 4863 5238 5667 5936 6145 6611
14 72 552 773 2617 4197 4436 4849 5155 5407 5743 6033 6335 6653 6843
23 73 611 841 1008 1275 1502 1655 2004 2402 2621 3081 3582 3698 3946 4186 4372 4629 5260 5735 5907 6127 6472 6956
19 74 782 1176 1415 1716 1979 2351 2584 2898 3203 3316 3481 3850 4255 5119 5336 5678 5882 6080
21 75 691 980 1116 1273 1700 2064 2337 2901 3276 3409 3736 4044 4232 4656 4964 5184 5417 5821 6419 6757
21 76 744 1290 1584 1733 1993 2245 2381 2731 2950 3090 3452 3886 3990 4383 4608 4896 5218 5498 6116 6567
11 77 599 796 1168 1441 1623 2053 4129 6235 6470 6791
20 78 547 876 1420 1727 1968 2243 2633 2862 3058 3354 3757 4058 4585 4898 5406 5556 5977 6464 6709
24 79 566 942 1282 1771 2035 2301 2531 2803 2961 3343 3812 4060 4367 4621 4804 4997 5223 5706 5948 6038 6267 6535 6847
19 80 791 1157 1468 1834 1959 2565 2982 3235 3648 3910 4267 4457 4603 5105 5382 5988 6371 6802
21 81 626 985 1521 1857 1982 2264 2570 2853 3000 3251 3490 3785 4087 4599 4967 5262 5455 5826 6046 6315
22 82 747 1087 1678 1885 2287 2551 2991 3382 3457 3672 3848 4298 4622 5011 5362 5585 5804 6052 6173 6609 6775
21 83 685 1295 1659 2032 2340 2612 3004 3295 3472 3882 4110 4336 4607 4806 4924 5338 5692 6016 6375 6642
21 84 771 998 1378 1666 2182 2426 2863 3122 3515 3883 4257 4519 4627 4745 4945 5197 5789 6056 6458 6560
16 85 669 1027 2553 3867 4199 4396 4658 4857 5308 5537 5813 6425 6712 6770 6891
13 86 573 801 972 1178 2822 4273 4580 5167 5630 6005 6231 6558
12 87 435 759 1021 1599 2000 2456 2662 2804 2939 4678 6566
21 88 415 1033 1651 2063 2603 2894 3182 3478 3899 4297 4568 4837 4938 5273 5666 6001 6180 6366 6551 6784
16 89 1516 2645 3021 3294 3745 3987 4245 4609 4826 5143 5449 5644 6003 6249 6741
24 90 731 1079 1231 1622 2067 2305 2583 2952 3102 3357 3451 3778 4286 4696 5074 5257 5745 6050 6210 6469 6552 6747 6992
21 91 504 767 1189 1692 1812 1986 2371 2677 3110 3299 3489 3740 4173 4721 4985 5488 5747 6112 6381 6789
15 92 631 1277 1612 1780 2262 2477 2748 3016 3223 3463 3709 5095 6486 6733
9 93 763 1340 1578 1817 4103 5925 6278 6536
16 94 496 846 1108 1614 2161 2416 2789 2960 3186 3583 3851 3885 4092 4489 4646
14 95 619 1052 1300 1864 2249 2747 3261 3502 3861 5039 6291 6742 6893
19 96 614 981 1337 1606 1944 2367 2571 2857 3328 3623 3921 4121 4511 5017 5561 5941 6581 6990
20 97 861 1226 1443 1749 2125 2670 3183 3496 3896 4115 4323 4534 4819 5193 5588 5921 6025 6217 6721
23 98 646 742 1317 1684 2025 2432 2609 2911 3243 3429 3787 4096 4303 4574 4912 5123 5438 5522 5689 6079 6184 6603
7 99 437 1050 1562 2066 2806 3202
21 100 584 1379 1820 2006 2271 2687 2990 3200 3479 3620 3991 4441 4906 5212 5431 5752 5978 6240 6440 6708
14 101 938 1446 1835 2164 2620 3831 5007 5275 5446 5665 5902 6241 6607
14 102 585 1023 2649 4124 4542 4954 5189 5458 5720 5861 6157 6391 6833
14 103 402 568 1049 1396 1766 2206 2498 2810 3158 3394 3884 4136 4443
21 104 472 807 1395 1947 2413 2818 3097 3281 3662 3914 4166 4509 4697 5082 5236 5510 5836 6103 6398 6681
24 105 661 1047 1470 1664 2012 2189 2293 2513 2624 2879 3347 3607 3941 4183 4498 4694 4858 5200 5295 5849 6104 6471 6622
24 106 671 778 1077 1476 1991 2391 2504 2864 3106 3469 3834 3970 4302 4515 4663 4897 5053 5331 5808 5960 6361 6542 6852
19 107 411 875 1174 1648 1839 2195 2614 2732 3003 3232 3752 4195 4416 4828 5179 5491 5920 6355
12 108 790 1202 1459 2103 2514 2815 3098 3533 3802 3986 4717
20 109 545 813 1204 1574 1906 2150 2317 2475 2745 2992 3112 3306 3420 3520 3605 3786 3935 4309 4682
13 110 728 885 1185 1495 1746 2212 3819 5177 5296 5878 6331 6761
23 111 709 905 1542 2085 2360 2675 3007 3371 3765 4067 4307 4505 4778 4916 4944 5405 5796 5998 6212 6619 6828 6881
20 112 570 845 1072 1181 1532 1856 2034 2327 2619 3025 3334 3957 4564 4860 5178 5751 6097 6354 6575
22 113 772 1110 1373 1643 1901 2160 2314 2577 3096 3423 3629 4075 4271 4389 4554 4992 5357 5799 6107 6359 6677
16 114 565 897 1101 1132 1544 1722 2121 2481 2998 3732 3951 4036 4177 4644 5956
15 115 827 992 1201 1485 1935 2444 2725 2943 3353 3523 3900 4357 4692 4868
18 116 696 1009 1550 1951 2232 2379 2846 2977 3690 3988 4380 4755 5001 5506 5815 6454 6731
10 117 514 760 1105 2451 3659 3895 4085 4254 4469
12 118 434 849 1219 1645 2286 2439 2850 3365 3578 5126 6716
17 119 560 847 1120 1511 1713 2325 2761 3036 3326 3511 3808 4134 4413 4754 4984 5478
13 120 737 1330 1626 3188 4851 5050 5114 5474 5701 6075 6549 6854
20 121 487 870 1296 1679 2007 2692 3259 3704 3961 4326 4583 4767 5013 5207 5534 5673 5932 6273 6384
7 122 587 755 1067 2733 4141 4417
21 123 480 613 1350 1781 2111 2496 2771 2930 3109 3331 3572 3737 4153 4281 4690 4952 5369 5518 5972 6176
20 124 660 940 1324 1832 2181 2561 3136 3551 3839 3994 4192 4500 5076 5355 5715 5855 6089 6429 6863
11 125 553 1055 1376 3222 5235 5511 5697 5850 6244 6655
25 126 727 1240 1658 2010 2190 2364 2671 2903 3070 3275 3405 3677 3969 4161 4272 4487 4756 4999 5154 5482 5854 6130 6307 6528
9 127 820 2729 4762 5342 5773 6122 6435 6696
22 128 452 643 1078 1448 1902 2137 2442 2668 2980 3211 3586 3928 4252 4808 5106 5359 5805 6019 6317 6489 6678
14 129 527 776 1284 2589 4193 4499 4657 5081 5457 5940 6125 6420 6746
12 130 636 1291 1654 2056 2737 3044 3329 3589 3718 4164 4471
26 131 529 761 1019 1121 1261 1539 1926 2216 2808 2967 3239 3344 3635 4223 4423 4640 5031 5354 5638 5938 6109 6347 6494 6690 6919
20 132 608 894 1605 2011 2308 2837 3262 3449 3852 4353 4628 4893 5075 5279 5615 6149 6324 6701 6885
16 133 482 1043 1248 1390 1776 2557 3072 3555 3890 4295 4890 5124 5634 6066 6507
23 134 421 682 909 1099 1313 1833 2145 2476 2870 3212 3436 3546 3666 3822 4152 4577 5064 5450 5922 6148 6483 6644
23 135 603 869 1302 1589 1865 2124 2549 3051 3395 3845 4229 4437 4685 5019 5319 5610 5981 6136 6316 6439 6623 6767
26 136 444 857 1213 1656 1953 2223 2415 2848 3041 3308 3477 3673 3843 4047 4190 4424 4634 4726 4881 5022 5390 5619 5859 6198 6648
10 137 1166 1567 1829 2076 2236 2543 2954 3491 5063
13 138 479 890 1145 1236 1792 1939 2302 2706 3154 3561 3720 4027
8 139 433 720 1000 3162 5041 5270 5540
15 140 736 1206 2255 3139 3475 3979 4274 4569 5014 5376 5827 6290 6577 6878
17 141 765 1064 1650 1929 2136 2491 3068 3398 3836 4227 4365 4799 5216 5486 5896 6106
11 142 483 895 1312 1402 1488 1703 1984 2220 2569 2887
18 143 559 1177 1822 2003 2392 2690 3118 3459 3554 3753 4052 4933 5161 5442 5679 6394 6590
22 144 590 896 1104 1360 1560 2083 2688 2892 3049 3366 3617 3907 4125 4354 4630 5044 5351 5580 6008 6164 6448
18 145 438 1025 1428 1924 2130 2303 2651 3014 3471 3820 4068 4727 5286 5686 5963 6275 6597
14 146 665 946 1421 2113 2448 3587 4797 4986 5141 5915 6048 6272 6568
15 147 675 908 1729 2284 2698 3185 3384 3705 4711 5380 5730 6337 6654 6876
14 148 717 1279 1492 1854 2315 2963 3302 3522 3621 3962 4284 4547 4829
14 149 652 1003 1325 1799 2082 2486 3997 4872 5185 5529 5895 6327 6646
25 150 505 912 1186 1696 1981 2224 2403 2585 2847 3177 3314 3462 3652 3842 4080 4434 4747 5043 5255 5784 5961 6344 6689 6821
20 151 622 1084 1505 1701 2154 2523 2905 3201 3443 3689 4268 4922 5047 5252 5559 5951 6131 6449 6674
19 152 518 948 1481 2027 2473 2774 3269 3749 4404 4677 4998 5290 5584 5792 6045 6215 6404 6679
12 153 812 1130 1566 1815 2112 2751 3863 5232 5520 5909 6473
23 154 406 533 1093 1398 1637 1872 2151 2587 2875 3317 3514 3634 3943 4147 4620 4946 5100 5514 5763 6392 6496 6614
21 155 589 1239 1706 2592 2988 3128 3301 3612 4010 4168 4446 4676 4842 5146 5416 5857 6141 6407 6714 6922
22 156 655 1198 1673 1859 2250 2494 2764 2984 3568 3655 4088 4338 4477 4675 5033 5214 5404 5725 6279 6693 6809
25 157 564 1032 1320 1873 2090 2222 2419 2685 2927 3005 3424 3759 4031 4130 4296 4478 4549 4772 5169 5710 6088 6346 6573 6856
10 158 605 1397 1681 1900 2127 2562 2769 3250 3560
15 159 439 715 979 1404 1529 2741 4017 4484 4820 5313 5579 5809 6236 6511
12 160 697 866 1232 1592 1728 2114 2238 2365 2660 4876 6975
21 161 699 1076 1366 1482 1647 1814 2188 2311 2674 2890 3062 3264 3540 3973 4567 4901 5383 5853 5971 6382
8 162 673 923 2193 3412 3721 4000 4411
20 163 537 1060 1518 1890 2110 2655 2940 3204 3569 3754 4049 4373 4785 5093 5264 5594 5832 6081 6367
21 164 432 898 1288 1433 2107 2545 2971 3155 3517 3715 4059 4375 4613 4874 5224 5577 5904 6111 6304 6589
18 165 960 1180 1531 1852 2093 2359 2965 3644 3975 4392 4647 5004 5310 5468 5636 5891 6563
28 166 468 732 970 1222 1417 1528 1632 1894 2227 2395 2564 2855 3133 3437 3616 3773 4203 4379 4951 5196 5403 5592 5687 5916 6263 6442 6835
22 167 521 650 919 1234 1467 1708 1882 2368 3011 3198 3500 3744 3949 4235 4691 5251 5420 5833 6196 6427 6651
21 168 457 1065 1411 2131 2550 2916 3137 3487 3871 3992 4242 4637 5029 5202 5485 5929 6140 6352 6588 6840
9 169 409 780 1319 2869 4352 5348 6312 6645
13 170 430 750 1267 1707 2133 2882 3282 3683 3818 4061 4425 4679
25 171 404 445 787 1285 1715 2158 2353 2605 2824 2981 3545 4033 4202 4431 4825 5117 5467 5677 5957 6193 6326 6604 6803 7074
14 172 463 525 1018 2246 3588 4022 4681 4955 5107 5366 5668 5999 6114
10 173 730 1134 1339 3497 5587 5810 6152 6531 6758
15 174 1621 2889 3273 3712 3985 4230 4660 4962 5203 5576 5775 5984 6266 6616
13 175 541 831 1414 1730 2021 2430 4101 5581 5942 6053 6341 6637
19 176 704 1034 1341 2009 2554 2742 3170 3444 3632 3982 4137 4349 4882 5134 5598 6013 6294 6613
13 177 419 548 1230 1526 1836 2219 2394 2598 2788 3150 3358 5370
21 178 456 958 1237 1524 1846 2054 2299 2631 3111 3766 4163 4370 4612 4899 5142 5304 5545 5721 6383 6738
22 179 924 1056 1507 1670 2370 2817 2868 3085 3260 3507 4002 4504 4614 5065 5246 5532 5837 6040 6171 6339 6477
10 180 2258 3761 3876 3959 4358 4812 5307 5842 6523
17 181 408 1092 1868 2168 2501 2694 3078 3324 3829 4253 4570 4879 4981 5298 5783 6163
15 182 510 986 1357 1527 1641 1920 2099 3134 4439 5115 5524 5766 5914 6660
18 183 1024 1553 1948 2406 2775 2949 3214 3601 3825 4065 4886 5543 5822 5897 6156 6421 6662
20 184 695 962 1461 1724 2040 2202 2616 2899 3119 3643 4108 4313 4517 4673 4942 5341 5597 6250 6543
22 185 557 844 1156 1683 1954 2342 2766 2948 3372 3627 3796 4083 4287 4558 4810 5384 5694 6042 6318 6585 6773
21 186 625 967 1438 1750 1930 2260 2560 2714 2912 3116 3516 4224 4537 4759 5131 5268 5647 5959 6303 6641
19 187 535 1020 1283 1711 1879 2428 2787 3156 3466 3687 4244 4811 5389 5456 5572 6014 6363 6925
23 188 512 784 1382 1685 2147 2715 3113 3414 3668 3813 4102 4331 4575 4769 5077 5292 5550 5881 6027 6194 6286 6559
15 189 802 1140 2524 4045 4233 4445 4776 4989 5360 5603 5876 6160 6468 6841
17 190 641 1964 3356 3603 3983 4216 4330 4532 4927 5045 5381 5599 5911 6110 6322 6699
20 191 853 1147 1493 1798 1887 2081 2345 2716 3127 3369 3527 4106 4196 4486 4791 5032 5321 5734 6387
10 192 493 1002 2266 3434 3782 4222 4420 5684 6915
23 193 593 957 1307 1693 1862 2068 2192 2610 2794 3050 3402 3594 3927 4475 4935 5217 5641 5781 6091 6269 6554 6782
14 194 777 1217 1624 1998 3224 4308 4638 4921 5186 5575 5937 6214 6526
14 195 633 1190 2686 3862 4037 4156 4337 5092 5434 5624 6055 6498 6787
11 196 817 1112 1436 1789 2458 3152 3311 3801 4167 4528
14 197 674 934 1128 1391 1582 2142 2576 2845 3169 3630 4261 4664 5059
21 198 822 1305 1585 1770 2109 2467 2770 2910 3190 3544 3770 4009 4340 4823 5204 5459 5844 6227 6415 6704
15 199 792 959 1347 1753 2276 2499 3121 3411 3682 4005 4502 4978 5112 5254
15 200 481 865 1137 1503 1736 2296 2759 3362 4579 5756 6206 6376 6806 6944
23 201 469 757 911 1327 1745 1916 2120 2323 2778 3117 3430 3905 4371 4743 5003 5311 5617 5769 6118 6386 6683 6943
20 202 544 692 904 1242 1581 1726 2197 2495 2983 3542 3791 4189 4412 4846 5429 5726 5908 6311 6675
10 203 2784 4845 5234 5465 5755 6095 6369 6608 6842
22 204 407 572 893 1162 1565 1921 2447 2859 3123 3401 3495 3699 4112 4482 4856 5225 5548 5795 5980 6309 6593
18 205 426 681 1061 2405 3461 3738 4107 4422 4843 4940 5303 5566 5714 5918 6285 6443 6650
23 206 700 1142 1458 1714 1945 2186 2833 2914 3120 3388 3919 4342 4543 4651 4953 5503 5748 5989 6183 6418 6781 6963
19 207 797 988 1316 1913 2332 2720 2997 3149 3670 3817 3947 4206 4479 4730 5110 5352 5871 6072
11 208 752 1159 3315 5490 5727 5935 6135 6456 6711 6816
18 209 676 1152 1254 1365 1755 2146 2407 2908 3288 4246 5335 5430 5841 6120 6336 6632 6864
11 210 575 943 2240 3584 3764 4006 5284 6438 6649 6859
13 211 1369 1987 2338 2643 3027 3649 3866 4019 4288 4518 4588 5739
15 212 963 1238 1689 1970 2505 2752 3143 3460 3664 3870 4996 6329 6466 6829
7 213 465 775 1209 1725 2162 2591
12 214 551 824 1119 1640 1936 2593 3093 3470 3638 4836 6658
21 215 567 1048 1425 1556 1830 2252 2404 2627 2999 3373 3508 4090 4407 4635 5052 5549 5875 6270 6565 6790
17 216 906 1323 1793 2048 2437 2719 2880 3018 3503 3917 4291 4456 4669 4947 5190 5661
20 217 842 913 1136 1450 1551 1996 2239 2385 2623 2867 3161 3805 4707 5089 5210 5466 5723 5883 6493
8 218 1767 2975 3207 4789 6063 6413 6765
13 219 606 879 1439 1990 2483 2874 2976 3267 3531 3844 4300 4483
8 220 670 1135 3399 5732 6230 6706 6810
21 221 634 1165 1631 1740 1977 2333 2637 3012 3336 3493 3741 4139 4432 4909 5122 5358 5778 6023 6390 6730
18 222 458 880 1249 1697 1980 2263 2680 3219 3573 3739 4187 4760 4973 5230 5538 5658 6319
21 223 629 1182 1445 1710 1928 2091 2497 2836 3227 3501 3999 4310 4522 4667 4850 5140 5740 6004 6430 6832
18 224 712 1371 1914 2328 2506 2816 3035 3332 3558 3869 4149 4606 5016 5385 5787 6087 6465
24 225 509 808 1149 1523 1764 2077 2280 2462 2926 3385 3564 3880 4001 4346 4540 4740 4920 5056 5337 5536 5950 6406 6799
15 226 651 1089 1508 1922 3425 4562 4813 4877 5329 5533 6047 6328 6411 6571
19 227 703 825 1335 1568 2002 2324 2704 2917 3191 3688 3963 4144 4715 5049 5412 5992 6393 6727
22 228 461 887 1111 1797 2175 2393 2772 3061 3556 3735 4179 4496 4889 5208 5435 5651 5838 6054 6460 6783 6934
15 229 928 1447 1630 1827 2117 2438 2644 2829 3053 3230 4591 5974 6225 6668
8 230 933 1399 3440 5606 5870 6226 6771
22 231 621 843 1258 1619 1896 2031 2559 2683 3115 3271 3707 4024 4328 4649 4943 5073 5269 5493 5774 6174 6520
23 232 459 734 1259 1795 2347 2606 2830 3130 3416 3636 3832 4109 4212 4590 4780 4960 5175 5378 5676 6067 6211 6548
19 233 1636 2665 2968 3270 3403 3606 3803 4116 4527 4833 4958 5172 5433 5703 6064 6295 6491 6759
15 234 595 996 1408 1742 1956 3197 4473 4698 5153 5453 5664 5955 6205 6499
11 235 649 994 1336 1454 1732 2123 2516 2918 3236 3539
15 236 495 838 1303 1694 1988 2177 3453 4742 4885 5068 5199 5374 5707 6000
24 237 470 922 1097 1384 1698 2058 2440 2657 2946 3303 3579 3725 3955 4414 4643 4782 4969 5297 5517 5996 6186 6356 6707
23 238 583 1091 1460 1629 2038 2459 2801 3052 3397 3727 4016 4214 4738 4873 5280 5527 5744 5864 6351 6522 6729 7018
13 239 425 917 1161 1354 1765 2207 2730 3031 3381 4693 6133 6635
9 240 1597 3022 3446 3552 4040 4399 4661 4949
25 241 658 968 1207 1304 1540 1788 2179 2361 2568 2757 3039 3263 3467 3624 4051 4488 4834 5231 5452 5797 6026 6189 6512 6905
20 242 554 828 1310 1638 1824 2231 2352 2586 2840 3233 3563 3823 3923 4100 4662 5061 5221 5526 5608
13 243 726 1247 1406 1778 3205 4636 5215 5698 5953 6405 6702 6977
16 244 540 789 1416 2421 2664 3046 3483 3663 3857 3977 4220 4668 5008 5602 5919
15 245 403 623 902 1272 1591 2050 2642 3386 3571 3916 4055 4318 4520 5866
25 246 526 871 1345 1571 1910 2138 2422 2721 3026 3266 3543 3779 4258 4544 4724 4930 5152 5497 5674 6010 6338 6492 6595 6888
13 247 724 1059 1342 1774 2080 2389 2691 2913 3413 3696 5163 6682
15 248 490 666 2042 3484 3763 3904 4250 4541 4704 5176 5618 6017 6258 6529
16 249 794 1392 1675 1861 2101 2615 3228 3746 4082 4444 4925 5377 6246 6370 6666
21 250 501 799 1478 1965 2312 2536 2800 3056 3626 3854 4014 4213 4433 4852 5150 5393 5646 6098 6485 6680
7 251 672 1151 1426 1855 4219 6452
19 252 467 774 1216 1602 2373 2786 3042 3325 3898 4312 4548 4977 5388 5632 5890 6153 6358 6546
18 253 600 1274 1709 2159 2518 2799 3020 3438 3830 4078 4428 4784 5058 5261 5547 5759 5979
13 254 770 1356 2135 2541 3769 5046 5241 5567 5746 5930 6213 6495
22 255 653 1075 1329 1608 1847 2306 2597 2923 3337 3742 4327 4596 4723 4919 5078 5271 5504 5776 6162 6357 6572
16 256 555 889 1184 1409 1801 2095 2214 2763 3221 3602 3780 3933 4081 4329 5625
15 257 499 2400 3653 3980 4360 4481 4709 5149 5531 5958 6166 6251 6697 6982
19 258 739 932 1509 1842 2355 2630 3094 3361 3536 4063 4299 4623 4994 5427 5716 5828 6374 6661
18 259 848 977 1483 1688 1958 2171 2831 3305 3592 3938 4157 4497 4653 4800 4974 5300 5562
15 260 609 1117 1519 1940 2480 3069 3153 3359 3789 4176 4485 4687 5118 5513
14 261 723 1225 1978 2454 3083 3226 3580 3974 4449 4720 5136 5593 6175
17 262 500 779 877 1163 1530 1785 3095 4249 4748 5170 5447 5767 5949 6280 6490 6659
19 263 498 925 1271 1552 1723 1946 2247 2511 2909 3017 3377 3781 4046 4279 4584 5048 5595 5780
9 264 617 899 1164 1344 3163 4948 5785 6416
24 265 743 1013 1314 1644 1905 2282 2487 2884 3157 3323 3722 4148 4566 4918 5132 5475 5750 6030 6123 6201 6402 6698 6924
12 266 462 766 2098 3389 3892 4256 4546 4686 4965 5443 5649
15 267 833 1266 1564 2029 2441 2575 2902 3278 3906 4154 4648 5098 5541 5817
14 268 687 1500 1878 2460 2802 3055 3486 3824 5038 6188 6643 6862 7002
9 269 748 1244 1475 1819 2172 2555 3029 3321
20 270 556 941 1167 1484 1851 2096 2537 2886 3192 3387 3678 3968 4438 5080 5451 5790 6065 6474 6807
22 271 690 1053 1281 1625 2185 2354 2738 2970 3268 3600 3795 4094 4315 4538 4803 5026 5147 5642 6108 6478 6700
18 272 561 918 1351 1777 2184 2828 3179 3692 4035 4263 4536 4832 5192 5589 6085 6444 6685
14 273 484 872 2520 3733 4178 4415 4864 5318 5616 5874 6121 6409 6774
15 274 508 915 1424 1893 2356 2979 3433 3835 4314 4639 5158 5688 6154 6647
19 275 581 1148 1353 1474 2018 2390 2684 3167 3598 4054 4418 4625 5171 5568 5917 6274 6763 7006
22 276 453 803 1098 1462 2052 2357 2634 2957 3352 3509 3713 3903 4345 4883 5253 5463 5944 6021 6228 6592 6811
19 277 668 1103 1276 1437 1642 2225 2578 2932 3124 3284 3518 3651 4003 4501 4680 5027 5220 5530
22 278 624 1211 1504 1807 1989 2148 2435 2700 3033 3245 3550 3828 4355 4781 4923 5094 5569 5628 5913 6313 6814
12 279 424 826 1118 1555 3593 5367 5591 5749 6147 6461 6602
15 280 486 1380 1825 2071 2453 2811 3174 3532 3915 4151 4524 4684 4830 5332
18 281 597 976 1451 1738 2069 2466 2768 3184 3355 3640 3942 4388 4601 4801 5025 5156 5444
13 282 517 882 1403 1537 1895 2412 3891 5166 5525 5731 6061 6222
21 283 531 874 1212 1501 1790 2128 2588 2724 2986 3391 3595 3944 4201 4387 4775 5020 5570 5994 6530 6890
10 284 688 1496 2062 2396 2563 2758 4563 6502 6722
12 285 648 1005 1389 1762 1931 2410 2711 3059 3341 4908 6481
18 286 446 1037 1747 2792 3146 3575 3794 4093 4305 4454 4746 5055 5258 5565 5802 6368 6710
17 287 805 1138 1430 2084 2696 2928 3297 3751 4589 5183 5473 5563 5831 6271 6450 6670
17 288 471 832 1229 1639 2015 3216 4616 4910 5116 5479 5892 5976 6283 6447 6726 6941
24 289 441 1014 1298 1610 2079 2372 2613 2813 2919 3067 3272 3887 4435 4961 5302 5496 5765 6083 6167 6345 6532 6624 6930
21 290 538 1088 1757 2139 2378 2728 3032 3175 3370 3528 3790 3993 4283 4523 5148 5708 6138 6310 6497 6664
10 291 701 944 1292 1561 1962 2233 2521 2718 4807
9 292 478 754 914 1253 1579 2201 2522 2736
21 293 578 1046 1412 1686 1867 2289 2735 3280 3658 3821 4135 4771 5086 5266 5364 5635 6092 6305 6584 6826
18 294 497 1095 1432 1860 2273 2433 2812 3340 3909 4205 4683 5028 5326 5693 6289 6412 6776
21 295 491 707 966 1250 1469 1615 2254 2602 3019 3304 3728 4140 4525 4847 5085 5339 5607 5887 6261 6540
23 296 449 716 997 1139 1401 1741 1967 2318 2424 2485 2781 3008 3639 3894 3956 4105 4332 4611 4970 5159 5539 5729
18 297 809 1096 1534 1871 2134 2502 3104 3604 3925 4204 4701 4929 5394 5782 6265 6479 6756
19 298 630 1175 1594 2022 2344 2693 3290 3468 3958 4084 4460 4670 4971 5492 5848 6128 6446 6688
16 299 627 1017 1215 1634 1995 2374 2776 2951 4369 5620 5680 5923 6172 6475 6768
17 300 436 810 999 1375 1598 1699 2169 2601 2866 3998 5419 5590 5834 6144 6372 6684
19 301 1051 1547 1907 2218 2431 2746 3013 3289 3581 3872 4122 4560 4744 5277 5500 5816 6150 6617
14 302 571 1012 1386 1570 1823 1933 2322 2533 2851 3312 3971 4467 5722
21 303 733 1045 1264 1487 1791 2106 2408 2639 2906 3089 3277 3730 4120 4403 4598 4735 5222 5604 6168 6348
4 304 563 2346 5356
21 305 916 1223 1473 1816 2170 2261 2525 2861 3145 3717 4184 4571 4824 5314 5663 5860 6062 6574 6779 6973
8 306 2658 4617 4786 5010 5571 6009 6401
22 307 610 1006 1256 1479 1759 2033 2295 2599 3024 3307 3590 3937 4131 4529 4814 5157 5555 5843 6070 6350 6621
16 308 503 786 973 1322 1787 2237 2820 3408 3731 4240 4731 4914 5187 5281 6220
22 309 448 854 1538 1994 2174 2492 2793 3180 3456 3799 3965 4285 4514 4790 5129 5411 5558 5650 6058 6333 6749
6 310 1667 2883 3246 3760 5386
8 311 1975 3367 4421 5681 5839 6060 6518
23 312 705 839 1124 1449 1796 1943 2205 2397 2567 2956 3194 3419 3771 4280 4666 5135 5508 5869 6100 6237 6445 6764
18 313 920 1252 1806 2244 2835 3132 3432 3879 4021 4191 4764 5259 5471 5865 6099 6629 6739
13 314 706 1094 1541 2088 2701 2962 3151 3418 3608 5243 6754 6923
8 315 516 1039 1289 1909 2143 2384 4689
11 316 442 927 1203 1440 1911 2047 2288 4015 5788 6287
14 317 756 1278 1512 1934 2210 2386 2464 2681 2865 3108 3435 3557 4011
18 318 864 1786 2061 2636 2878 3099 3333 3660 4039 4145 4442 4821 5099 5445 5736 6076 6732
19 319 657 1171 1463 1761 1904 2122 2807 3076 3417 3726 4066 4322 4700 5133 5512 5711 6126 6561
8 320 713 1090 1452 1952 2253 2418 4749
14 321 522 821 1011 1265 1588 2051 2469 2795 3187 3566 4262 4736 5986
7 322 702 1311 1719 1880 4198 6524
13 323 900 1294 1596 1803 3082 4351 4805 4991 5347 5847 6223 6587
18 324 762 1158 1444 1808 2173 2888 3181 3777 3984 4133 4447 4753 5415 5622 5873 6221 6506
12 325 492 2572 4455 4839 5120 5437 6139 6257 6437 6545 6853
22 326 586 989 1359 1712 2086 2388 2558 2877 3189 3376 3719 4099 4344 4752 5102 5379 5757 5884 6247 6640 6926
15 327 768 1758 2449 2607 2710 3253 3810 4343 4671 4950 5546 6028 6353 6772
11 328 663 800 1299 1620 1844 3374 5103 5461 5868 6453
22 329 632 783 953 1080 1374 1763 2540 2839 3141 3421 3574 3860 4111 4294 4650 5062 5483 5898 6299 6615 6979
13 330 645 1026 1486 1782 2008 2375 2673 2915 3166 3748 4053 4301
21 331 494 936 1260 1665 2166 2727 3006 3441 3920 4029 4452 4531 4659 4987 5289 5424 5656 5995 6195 6441
21 332 751 1040 1662 1942 2235 2349 2726 2985 3135 3646 3833 4526 4706 4867 5084 5476 5741 5945 6254 6480
20 333 528 1129 1702 1976 2350 2844 3241 3368 3750 4225 4440 4576 4783 4841 4931 5344 5931 6462 6920
21 334 684 1393 1881 2059 2383 2678 3256 3793 4076 4350 4472 4822 5036 5372 5523 5648 6024 6242 6625 6846
20 335 506 837 1343 1635 1805 2115 2629 3075 3378 3521 3711 3964 4716 5301 5528 5623 5934 6288 6397
22 336 725 952 1549 1826 2044 2157 2339 2544 2942 3172 3448 3762 4169 4430 4703 4854 5293 5652 6071 6360 6743
15 337 677 793 1041 1388 1744 2092 2529 2854 3168 3465 3804 4259 4406 4818
15 338 612 1066 1321 1674 2020 2215 2489 2783 3107 3390 3723 4155 4241 4665
16 339 819 1477 1925 2275 2579 2871 3057 3218 3364 3641 4023 4311 4728 5060 5263
16 340 758 856 1308 1748 2094 2330 2897 3092 3513 3743 3989 4248 4317 5551 6869
17 341 596 995 1690 2030 2228 2363 2580 2931 3530 3924 4333 4869 5239 5653 6086 6514
22 342 534 931 1155 1704 2100 2519 2713 3043 3442 3716 3877 4175 4719 5009 5125 5288 5633 5924 6179 6301 6669
20 343 431 679 987 1377 1613 1937 2234 2708 2953 3229 3681 4126 4401 4741 5127 5414 5683 6132 6431
17 344 686 1031 1434 1580 1720 1918 2463 2995 3519 4026 4386 4774 5294 5946 6200 6671
10 345 412 1004 1422 1963 2152 2429 2581 4615 6508
25 346 781 929 1243 1652 2256 2484 2841 2920 3010 3126 3318 3585 3679 3966 4215 4368 4751 5219 5542 5814 5990 6185 6389 6728
16 347 429 662 785 1007 1587 1870 2017 2272 2382 2682 3045 3252 3931 4138 5660
18 348 664 991 1346 1992 2667 2790 3296 3788 4165 4553 4713 4972 5439 5835 6187 6428 6737
22 349 520 693 1328 1456 1876 2200 2434 2600 2743 3030 3758 4188 4453 4688 4976 5228 5564 5791 6077 6277 6513
15 350 1113 1841 2023 2242 2509 2922 3375 3775 3934 4142 4397 4604 5753 6858
12 351 852 1293 1513 2104 2445 3864 5363 5761 6255 6509 6902
15 352 795 971 1224 1489 1545 3023 4495 4777 5021 5614 6105 6281 6538 6736
10 353 689 978 3195 5181 5501 5820 6151 6340 6838
17 354 818 1160 1734 2119 2478 2765 3206 3693 4226 4765 4911 5272 5760 5997 6365 6984
16 355 422 738 1016 1563 3164 4266 4391 4521 4642 4865 4982 5233 5484 5764 6293
13 356 829 1123 1286 1985 2334 2779 3047 3285 3458 3565 3708 5316
22 357 410 615 947 1287 1517 1737 2294 2443 2653 3101 3363 3656 4025 4384 4773 5195 5324 5621 6082 6243 6636
17 358 607 1131 1772 2348 2638 2852 3176 3492 3902 4074 4468 4937 5392 5993 6302 6634
22 359 405 592 1154 1590 1908 2377 2542 2827 3237 3577 3783 4071 4490 4729 4905 5109 5391 5912 6264 6539 6766
22 360 640 1361 1558 1735 2141 2465 2679 3054 3249 3618 3840 4119 4402 4787 4888 5097 5410 5758 6224 6451 6839
15 361 740 921 1480 2026 2527 2904 2987 3313 3665 3953 4264 4450 5287 5742
24 362 1100 1427 1955 2507 2856 3063 3474 3671 3897 4034 4316 4461 4866 5006 5162 5333 5515 5609 5905 6034 6373 6673 6831
16 363 683 1141 1309 1536 2105 2366 2798 3193 4236 5375 5631 5933 6137 6434 6612
10 364 1969 3661 3967 4181 4733 5328 5460 5704 6015
17 365 569 984 1853 2198 2702 3144 3310 3676 4064 4359 4556 4878 5023 5245 5893 6534
15 366 427 965 1368 1779 2209 2646 2933 3407 3685 4114 4382 4597 4853 5145
19 367 954 1362 1705 2005 2281 2450 2632 3087 3234 3494 4069 4565 4880 5030 5397 5738 6113 6484
5 368 1874 4366 5819 6208
17 369 647 1214 1435 2072 2331 2659 2791 2924 3028 3710 4158 4503 4816 4979 5198 5627
13 370 428 993 1191 1515 1938 2297 3703 5440 5690 6115 6385 6578
21 371 638 823 1086 1498 1784 1889 2329 2723 3071 3485 3856 4113 4480 4757 5164 5596 5894 6232 6582 6916
19 372 539 1042 1429 1677 1849 2336 2707 2929 3287 3488 3669 4174 4494 5104 5350 5823 6178 6562
21 373 602 884 1419 1609 1802 2267 2411 2896 3335 3524 3747 4007 4170 4260 4619 4722 5138 5583 5858 6541
15 374 511 883 1221 1769 2268 2539 2834 2978 3350 3619 4070 5387 6626 6939
11 375 859 1326 1899 2320 2734 3088 4408 5519 5637 5985
16 376 502 855 1188 1603 1927 2369 2717 3615 4381 4788 5469 5967 6181 6408 7030
17 377 735 1268 1497 1687 1917 2163 2326 2740 3125 3504 4077 4364 4875 5256 5477 5573
24 378 532 1028 1611 2016 2446 2705 2823 3080 3309 3427 3657 3874 4030 4276 4507 4870 5113 5244 5345 5682 6044 6399 6957
22 379 949 1410 1657 2183 2387 2750 2972 3360 3792 4062 4218 4465 5128 5399 5611 5818 5927 6020 6233 6556 6618
18 380 420 591 811 1115 1442 2074 2648 3114 3327 3913 4209 4672 4957 5250 5889 6414 6703
19 381 746 983 1196 1431 1971 2073 2298 2937 3298 3868 4234 4654 4968 5306 5700 6102 6606 6872
19 382 840 1262 1607 1775 2156 2472 2712 2959 3447 3901 4385 4891 5327 5659 5851 6308 6639 6786
22 383 466 764 1081 1457 1838 2057 2341 2650 2974 3351 3645 3954 4207 4610 4903 5054 5396 5640 6068 6192 6501
10 384 1220 1848 2036 2380 2666 2969 3225 4361 6306
22 385 485 588 1070 1348 1583 1743 2024 2304 2482 2760 3319 3613 4091 4409 4758 5057 5305 5481 5829 6146 6378
15 386 477 886 1227 1633 2013 2468 2753 3073 3396 3772 3930 4079 4339 4557
20 387 711 956 1270 1649 2144 2628 2849 3208 3464 3734 3948 4128 4510 4936 5436 5696 5962 6259 6785
17 388 1102 1731 2043 2165 2503 2842 2993 3293 3695 3926 4419 4895 5509 6078 6510 6824
23 389 1082 1543 1804 1999 2257 2474 2881 3231 3404 3625 3981 4247 4348 4470 4859 5242 5454 5712 6059 6334 6569 6805
26 390 451 830 1073 1494 1653 1843 2259 2398 2661 2838 2955 3196 3320 3784 4098 4377 4493 5083 5521 5657 5824 6007 6169 6586 6778
10 391 523 788 1418 1593 1828 1997 2196 2528 4624
12 392 604 1074 1569 1866 2309 2556 3138 3548 4032 4335 4941
17 393 628 1183 1394 1668 1973 3254 4410 4545 4739 4990 5428 5613 5801 6191 6580 6861
19 394 414 753 1062 1352 1695 2538 3549 3912 3972 4320 4827 5229 5560 5771 6043 6320 6691 6844
20 395 558 1127 1533 2108 2291 2566 2893 3393 3675 3911 4550 4712 5005 5320 5645 5845 6119 6388 6633
14 396 400 851 1085 1575 1831 2251 2654 3383 3597 3827 5201 6467 6866
18 397 440 1083 1464 1983 2401 2697 3009 3338 3859 4057 4324 4798 5168 5582 6029 6300 6605
23 398 515 975 1228 1739 2041 2221 2417 2625 2947 3349 3684 3865 4304 4474 4708 5040 5278 5516 5794 6159 6417 6804
12 399 475 816 1383 1721 2269 2873 3591 3875 4159 4587 4838
